FILTER 00 START
[-03,-08,+005.485492861137059]
[-03,-07,+006.444604036476235]
[-03,-06,-001.789247499446894]
[-03,-05,+002.355777395442081]
[-03,-04,+007.930764299319343]
[-03,-03,+003.421280928624718]
[-03,-02,+004.512654469047591]
[-03,-01,-001.511883180397867]
[-03,+00,+001.238152171376413]
[-03,+01,+001.378385460838901]
[-03,+02,+003.727285785099545]
[-03,+03,-000.516239021241544]
[-03,+04,+006.159874210031854]
[-03,+05,-006.434714447996633]
[-03,+06,-005.472766037488412]
[-03,+07,+000.095801417806131]
[-03,+08,+004.294134657122934]
[-02,-08,-006.697368473756448]
[-02,-07,-003.242276533400895]
[-02,-06,-005.153815523842637]
[-02,-05,-002.870979520484322]
[-02,-04,-000.552082870895559]
[-02,-03,+006.596880031724913]
[-02,-02,-004.573391752320294]
[-02,-01,-000.368356972935738]
[-02,+00,-000.317162895061282]
[-02,+01,-005.033849869138276]
[-02,+02,-004.564552092423698]
[-02,+03,-004.149040194380266]
[-02,+04,+002.287103303854552]
[-02,+05,+006.790084301723574]
[-02,+06,-005.068832397432001]
[-02,+07,-006.706190228877205]
[-02,+08,-007.484724534906668]
[-01,-08,-001.107606484404799]
[-01,-07,-004.289175433629421]
[-01,-06,-003.644703531592251]
[-01,-05,-000.578256049386223]
[-01,-04,+005.048921505085461]
[-01,-03,+001.073063420656803]
[-01,-02,-001.210090708387558]
[-01,-01,-004.686899007499084]
[-01,+00,+001.777753258140965]
[-01,+01,-006.463453468924428]
[-01,+02,+006.706576824161802]
[-01,+03,-005.173104347919276]
[-01,+04,+004.345146145013222]
[-01,+05,-002.331895571482113]
[-01,+06,-002.292493973558797]
[-01,+07,-001.104689592487201]
[-01,+08,+004.849536466187089]
[+00,-08,+005.542696155474150]
[+00,-07,-007.193853524587452]
[+00,-06,+003.598079962023373]
[+00,-05,+006.602031775338947]
[+00,-04,+004.831170370630943]
[+00,-03,+005.140362861222133]
[+00,-02,+005.309410175013170]
[+00,-01,-005.734249469437206]
[+00,+00,-005.561105552526509]
[+00,+01,+007.677289874657641]
[+00,+02,+000.311157119544827]
[+00,+03,-002.401392069534625]
[+00,+04,-005.093699211588588]
[+00,+05,-006.987186029598050]
[+00,+06,-001.456286699385418]
[+00,+07,-002.160233337180486]
[+00,+08,+006.048531927335688]
[+01,-08,-003.152945434489935]
[+01,-07,-004.613734744047980]
[+01,-06,+001.210813275981074]
[+01,-05,-003.817173670916100]
[+01,-04,+000.250558156389902]
[+01,-03,+007.245510821255765]
[+01,-02,-007.277905968717759]
[+01,-01,+005.581620666917541]
[+01,+00,-004.636863686430853]
[+01,+01,+005.687182632336510]
[+01,+02,+006.164862962761287]
[+01,+03,-005.373267644818458]
[+01,+04,-002.076487277257989]
[+01,+05,+005.915259704124731]
[+01,+06,+006.142742958227981]
[+01,+07,+004.369597146670472]
[+01,+08,+001.952086771339379]
[+02,-08,-006.363937006588746]
[+02,-07,-003.931057890886272]
[+02,-06,-001.587924831856039]
[+02,-05,-002.613351877095326]
[+02,-04,-004.149122348333123]
[+02,-03,-000.956075867312796]
[+02,-02,-006.226635396591888]
[+02,-01,+002.947143279635741]
[+02,+00,+003.877752121149479]
[+02,+01,-000.456946220811167]
[+02,+02,-002.786117368904977]
[+02,+03,-004.258047542594307]
[+02,+04,-000.767612068421332]
[+02,+05,+000.278728449521426]
[+02,+06,+005.100919596048229]
[+02,+07,+001.720408907017628]
[+02,+08,+001.278928018498569]
[+03,-08,+001.481876542824857]
[+03,-07,+000.931957883188909]
[+03,-06,-001.138485583089036]
[+03,-05,-007.724223338218623]
[+03,-04,+002.346785126168175]
[+03,-03,-002.779459276684301]
[+03,-02,+002.570721960082670]
[+03,-01,-006.080974197944112]
[+03,+00,+002.658053814982749]
[+03,+01,-002.166302069965816]
[+03,+02,+003.921005965774647]
[+03,+03,-007.507014680082492]
[+03,+04,-000.130871466965649]
[+03,+05,+001.145013183928576]
[+03,+06,+005.004070404152118]
[+03,+07,+005.148927810585453]
[+03,+08,+006.091521984359987]
FILTER 00 STOP
FILTER 01 START
[-03,-04,+005.224783464359261]
[-03,-03,-000.500312154858658]
[-03,-02,+000.759697093287443]
[-03,-01,+000.178178237208552]
[-03,+00,+004.301326921385378]
[-03,+01,+006.361442555401657]
[-03,+02,+005.170203160662163]
[-03,+03,-003.736787765867534]
[-03,+04,-002.539677343487856]
[-02,-04,+004.605214155712275]
[-02,-03,+000.836641131430220]
[-02,-02,-004.088947719148159]
[-02,-01,+004.389707203179679]
[-02,+00,-003.945121575051356]
[-02,+01,+005.805764221478452]
[-02,+02,-002.724034888502374]
[-02,+03,+003.984069750968251]
[-02,+04,+001.924893526672966]
[-01,-04,-004.609320745838792]
[-01,-03,+001.138447251579242]
[-01,-02,+005.132660084924224]
[-01,-01,+005.504917901274538]
[-01,+00,+004.261874892612063]
[-01,+01,+002.839984925814766]
[-01,+02,+002.098255563162054]
[-01,+03,+003.660318951171996]
[-01,+04,+001.492655632843141]
[+00,-04,+001.576254168952717]
[+00,-03,+004.357888559501220]
[+00,-02,-003.202516497373168]
[+00,-01,-007.704046922400009]
[+00,+00,+005.968054305004623]
[+00,+01,+004.742070335170457]
[+00,+02,-005.800399679391701]
[+00,+03,-007.715584776112859]
[+00,+04,-002.342824063830040]
[+01,-04,-002.641418883433053]
[+01,-03,+003.100006684754996]
[+01,-02,-003.333221463679944]
[+01,-01,+003.426011042719539]
[+01,+00,-003.911805354727376]
[+01,+01,-000.202613063737461]
[+01,+02,+002.962072247830314]
[+01,+03,-003.217663278695936]
[+01,+04,+006.091156332782845]
[+02,-04,+000.103388183991747]
[+02,-03,-002.410294782639220]
[+02,-02,-007.080700581024397]
[+02,-01,-004.229680810785171]
[+02,+00,-003.688729758632716]
[+02,+01,+000.695541518157894]
[+02,+02,+001.423450594460723]
[+02,+03,+001.175936318730724]
[+02,+04,+001.284419972151367]
[+03,-04,+003.915193432466621]
[+03,-03,-004.386099620436328]
[+03,-02,+006.909838306199855]
[+03,-01,+006.608967806820205]
[+03,+00,-004.755393480249587]
[+03,+01,+000.618812433338309]
[+03,+02,+002.085704343431596]
[+03,+03,+000.528219231411112]
[+03,+04,+005.778012312982725]
FILTER 01 STOP
FILTER 02 START
[-04,-04,+005.935789606024983]
[-04,-03,-001.258927673246923]
[-04,-02,-001.200770274149164]
[-04,-01,-007.658336791603693]
[-04,+00,-001.522307068406390]
[-04,+01,-004.124539543451855]
[-04,+02,-006.409941804334920]
[-04,+03,+002.727150455835377]
[-04,+04,+007.113790334501113]
[-03,-04,+003.421634478646055]
[-03,-03,+006.631206554863917]
[-03,-02,+001.377783084167078]
[-03,-01,-000.426388041706547]
[-03,+00,-004.273419541463086]
[-03,+01,+000.642067458200673]
[-03,+02,-005.965338226912241]
[-03,+03,+000.030859369499817]
[-03,+04,-000.451160911772186]
[-02,-04,+001.589691475860947]
[-02,-03,+003.151336282456882]
[-02,-02,+002.987916305411838]
[-02,-01,-002.799173670301363]
[-02,+00,+006.570758350352216]
[-02,+01,+007.500139536845646]
[-02,+02,-001.433885842802681]
[-02,+03,+006.460735273349448]
[-02,+04,+006.026797851372113]
[-01,-04,-007.614129492878467]
[-01,-03,-007.627184102605849]
[-01,-02,+001.534295923480309]
[-01,-01,+007.296160003751458]
[-01,+00,-001.116537163795977]
[-01,+01,-006.472284536728385]
[-01,+02,+001.925301821031011]
[-01,+03,+006.995204248521313]
[-01,+04,-000.427889142534212]
[+00,-04,+005.002359058774724]
[+00,-03,-002.245919210557393]
[+00,-02,-004.906079640742700]
[+00,-01,+002.385172402242523]
[+00,+00,+001.326660044422722]
[+00,+01,+002.884430735693705]
[+00,+02,-000.005586236096397]
[+00,+03,-003.225733373640987]
[+00,+04,-003.154822644222774]
[+01,-04,+005.309959017327415]
[+01,-03,+006.117489128823722]
[+01,-02,+002.373329887952691]
[+01,-01,-001.325638555387034]
[+01,+00,-003.652985886581881]
[+01,+01,-005.901557712027046]
[+01,+02,+005.123811875849171]
[+01,+03,+005.429222397262675]
[+01,+04,+000.992454466951905]
[+02,-04,+005.263395823297845]
[+02,-03,+004.441413086838750]
[+02,-02,-003.800664986178845]
[+02,-01,+002.395195262201163]
[+02,+00,+002.977733711011684]
[+02,+01,+002.367138310622536]
[+02,+02,-007.839850619479742]
[+02,+03,+006.473171511257926]
[+02,+04,+003.595401348921433]
[+03,-04,-007.483407285629573]
[+03,-03,+003.190148159430542]
[+03,-02,+002.770106857588431]
[+03,-01,+000.880067993138795]
[+03,+00,-006.744367539076999]
[+03,+01,+005.618349066538368]
[+03,+02,-005.682631871010807]
[+03,+03,-005.345318143553943]
[+03,+04,+002.568628679060733]
[+04,-04,+001.081086302410320]
[+04,-03,-003.647707163652145]
[+04,-02,+004.330897975754084]
[+04,-01,+000.359721990300502]
[+04,+00,-004.970173984308884]
[+04,+01,-006.586628629303581]
[+04,+02,+004.505308204682605]
[+04,+03,+001.193818566619896]
[+04,+04,+005.585912877760570]
FILTER 02 STOP
FILTER 03 START
[-03,-01,-004.289204470944222]
[-03,+00,-007.827201224990660]
[-03,+01,+007.255317577989210]
[-02,-01,-002.544387491192516]
[-02,+00,-006.209272817227355]
[-02,+01,-003.998916302224487]
[-01,-01,-005.167049767561144]
[-01,+00,+001.851398892965737]
[-01,+01,-005.821880031426861]
[+00,-01,+005.877287012249097]
[+00,+00,+007.182641125265247]
[+00,+01,-001.514779940395529]
[+01,-01,+002.095391380344541]
[+01,+00,-007.552446095595675]
[+01,+01,+002.290532164303341]
[+02,-01,-005.363900733003799]
[+02,+00,-004.242433335436047]
[+02,+01,-003.434844954651114]
[+03,-01,-003.450121929605674]
[+03,+00,-000.970561149360966]
[+03,+01,+005.747099143348617]
FILTER 03 STOP
FILTER 04 START
[-06,-01,+003.409280596166040]
[-06,+00,+003.069213628819629]
[-06,+01,+007.611862631957761]
[-05,-01,+007.445871685412710]
[-05,+00,-003.927134177319610]
[-05,+01,-006.009628946074633]
[-04,-01,-000.972694025832931]
[-04,+00,-005.778688181992591]
[-04,+01,-005.355901654229855]
[-03,-01,+006.054827782328973]
[-03,+00,-006.112707089404696]
[-03,+01,-001.220956618688820]
[-02,-01,+007.470119862960232]
[-02,+00,-002.232236338062554]
[-02,+01,-007.300076171346300]
[-01,-01,+006.352673152495001]
[-01,+00,-007.764704827071565]
[-01,+01,+005.827785280943862]
[+00,-01,+007.291923401452868]
[+00,+00,-000.683405096913058]
[+00,+01,-007.666330679048411]
[+01,-01,-001.351999531316620]
[+01,+00,+003.895676866387587]
[+01,+01,+000.801433015178949]
[+02,-01,+004.047582497668834]
[+02,+00,-002.242849497884070]
[+02,+01,+001.402454243065035]
[+03,-01,+000.909460087043216]
[+03,+00,-002.460223455632834]
[+03,+01,+003.076512325572994]
[+04,-01,-006.912785485128405]
[+04,+00,-006.569054870691165]
[+04,+01,+006.002753345523143]
[+05,-01,+007.841789045861763]
[+05,+00,+004.732418559230753]
[+05,+01,-002.033286013388134]
[+06,-01,-007.078763195864800]
[+06,+00,+005.181398433158265]
[+06,+01,-006.294235019368230]
FILTER 04 STOP
FILTER 05 START
[-03,-07,+004.458201893374467]
[-03,-06,-002.225701095113163]
[-03,-05,+006.665455487263760]
[-03,-04,+001.516220961708582]
[-03,-03,+003.529483990447083]
[-03,-02,-006.540240336318465]
[-03,-01,+007.652361425238990]
[-03,+00,-000.610951584810751]
[-03,+01,+000.629552549489592]
[-03,+02,+006.669682718032474]
[-03,+03,+004.854632137625236]
[-03,+04,-004.381578326832177]
[-03,+05,+003.950752844548356]
[-03,+06,-000.492880292270989]
[-03,+07,-001.614004868105038]
[-02,-07,+004.924331198435389]
[-02,-06,-002.396200388954060]
[-02,-05,-004.028497625250209]
[-02,-04,+005.222014724822612]
[-02,-03,-005.214646464186545]
[-02,-02,+003.834288082339318]
[-02,-01,-002.700590700952281]
[-02,+00,-003.606151569830484]
[-02,+01,-006.844701665417412]
[-02,+02,+002.568101495581374]
[-02,+03,+000.271700586854358]
[-02,+04,-004.526181305049496]
[-02,+05,-003.182477496446117]
[-02,+06,+001.489039771913493]
[-02,+07,+006.501398000725759]
[-01,-07,-002.025824306078079]
[-01,-06,+005.558772803979695]
[-01,-05,-000.407307022220733]
[-01,-04,-000.455106853137773]
[-01,-03,-002.533683365297303]
[-01,-02,-000.519989098765585]
[-01,-01,+003.779202579381664]
[-01,+00,-004.986993125985625]
[-01,+01,+007.567632540959242]
[-01,+02,-002.201875173041998]
[-01,+03,-005.790700728410240]
[-01,+04,-002.509316843177762]
[-01,+05,-005.532001266339790]
[-01,+06,+000.683488952356539]
[-01,+07,-007.509474291033797]
[+00,-07,+002.264492569739614]
[+00,-06,-004.515818286619588]
[+00,-05,-003.434729921202729]
[+00,-04,+005.702634235068006]
[+00,-03,+002.164401481626037]
[+00,-02,+003.431940083497482]
[+00,-01,+007.029401531944860]
[+00,+00,+007.368889345754710]
[+00,+01,+007.762634103463348]
[+00,+02,+004.648803408650480]
[+00,+03,-004.760665874763756]
[+00,+04,+006.861623167716129]
[+00,+05,+006.225555980832477]
[+00,+06,-006.613107564432507]
[+00,+07,-007.894794955970976]
[+01,-07,-004.574911834009528]
[+01,-06,-002.843337072562118]
[+01,-05,+006.615252319660176]
[+01,-04,-004.226868020410615]
[+01,-03,+001.207477735749722]
[+01,-02,-003.756496182092546]
[+01,-01,-002.041478175935683]
[+01,+00,-001.432295815845837]
[+01,+01,+002.606321483438611]
[+01,+02,+002.708763380509220]
[+01,+03,+005.878563556209567]
[+01,+04,+002.036517926730186]
[+01,+05,-005.498060450678155]
[+01,+06,-005.928156103256391]
[+01,+07,-003.464609472432574]
[+02,-07,+001.861125882089988]
[+02,-06,-004.945484628430393]
[+02,-05,+006.554742669729910]
[+02,-04,-004.959477253971121]
[+02,-03,+007.307621804920656]
[+02,-02,-006.082893213160007]
[+02,-01,+005.897213444212037]
[+02,+00,+006.449058637806081]
[+02,+01,+003.808353570131507]
[+02,+02,-003.239425223586029]
[+02,+03,-003.228272333549477]
[+02,+04,-004.498700830697413]
[+02,+05,-001.252889868343248]
[+02,+06,+005.317568935542608]
[+02,+07,-000.588877931182475]
[+03,-07,+006.725582582461021]
[+03,-06,-006.322916730490832]
[+03,-05,+006.077567389815361]
[+03,-04,-004.507012107723943]
[+03,-03,+006.699206740671135]
[+03,-02,+005.537969217327863]
[+03,-01,-007.439563131670484]
[+03,+00,+000.596798923172194]
[+03,+01,+000.558470691538760]
[+03,+02,-005.612276701251917]
[+03,+03,-004.776617760026431]
[+03,+04,+002.107090138984459]
[+03,+05,-005.064022527154275]
[+03,+06,-000.431013574952253]
[+03,+07,-004.914196068145074]
FILTER 05 STOP
FILTER 06 START
[-06,-04,+004.133121327625858]
[-06,-03,+002.370314245743815]
[-06,-02,+005.842688722448868]
[-06,-01,+002.505401881316393]
[-06,+00,+000.933055947715882]
[-06,+01,-006.319331786002083]
[-06,+02,-006.927191439415484]
[-06,+03,-007.401431238190469]
[-06,+04,+003.356515717221761]
[-05,-04,-002.898816745658499]
[-05,-03,-003.604556907058376]
[-05,-02,-000.607602049427713]
[-05,-01,+003.428445714994149]
[-05,+00,-001.888716537426470]
[-05,+01,+003.117326465233338]
[-05,+02,+006.051473083938749]
[-05,+03,+005.809323445976537]
[-05,+04,-005.008374923432431]
[-04,-04,-000.784249032223221]
[-04,-03,-006.778378562363239]
[-04,-02,-003.302678646289120]
[-04,-01,-004.951805261474471]
[-04,+00,-005.447332341805305]
[-04,+01,-007.737274146676326]
[-04,+02,+005.479363530499443]
[-04,+03,+005.819002704087286]
[-04,+04,-003.740731783036676]
[-03,-04,+001.004700564171394]
[-03,-03,+001.277929452635966]
[-03,-02,+002.166960113482254]
[-03,-01,-006.062281124199261]
[-03,+00,+003.862170842638973]
[-03,+01,-001.412777106476824]
[-03,+02,+001.897333095514311]
[-03,+03,+005.039280429979776]
[-03,+04,-006.031266456082081]
[-02,-04,-003.708257033309312]
[-02,-03,+005.630823377126863]
[-02,-02,+005.498078047645606]
[-02,-01,-004.329318447916226]
[-02,+00,-000.552812096438348]
[-02,+01,+004.229307458791849]
[-02,+02,+003.321513484841653]
[-02,+03,+005.367371635353852]
[-02,+04,-006.770961556063000]
[-01,-04,+005.602114548933237]
[-01,-03,+005.046506153453874]
[-01,-02,-005.494990062119706]
[-01,-01,+000.955065038222390]
[-01,+00,+001.649288406603677]
[-01,+01,+002.399276947435915]
[-01,+02,-003.152990703553836]
[-01,+03,-000.456915445463492]
[-01,+04,-001.996040269697740]
[+00,-04,+005.308343298266827]
[+00,-03,+007.427538116700271]
[+00,-02,+002.488118189435543]
[+00,-01,-003.473670070094277]
[+00,+00,-001.303592625941473]
[+00,+01,+006.774311644131794]
[+00,+02,-001.831377841198945]
[+00,+03,+001.007268462987973]
[+00,+04,+000.464173375075896]
[+01,-04,-006.451626912422874]
[+01,-03,-007.938802719966775]
[+01,-02,-000.329124613435960]
[+01,-01,+000.578682213391868]
[+01,+00,+006.433211511584776]
[+01,+01,-007.499576001726274]
[+01,+02,-003.950944520634046]
[+01,+03,+004.376891594740545]
[+01,+04,-005.465514912789574]
[+02,-04,+000.346068003651380]
[+02,-03,-001.636307796129337]
[+02,-02,-001.090874901904186]
[+02,-01,-003.125212048277239]
[+02,+00,-004.476204178117946]
[+02,+01,-002.988994081772725]
[+02,+02,+003.261552053272608]
[+02,+03,-006.930195271245809]
[+02,+04,+003.954181802154583]
[+03,-04,-006.636408232825481]
[+03,-03,+002.502441740081149]
[+03,-02,+007.592442821736800]
[+03,-01,-004.263661274559549]
[+03,+00,-005.354897804165512]
[+03,+01,-005.611408193913832]
[+03,+02,-005.196279979493974]
[+03,+03,-001.544954664863988]
[+03,+04,-006.122331310714571]
[+04,-04,+006.876828512765027]
[+04,-03,+006.295009907793451]
[+04,-02,+000.844676999903793]
[+04,-01,-006.935328236606802]
[+04,+00,+000.992056240419871]
[+04,+01,-005.695314363088221]
[+04,+02,-002.169771759432733]
[+04,+03,+003.058690941825722]
[+04,+04,-005.912142478871234]
[+05,-04,-002.440420758914138]
[+05,-03,-006.088681469353416]
[+05,-02,-002.617427250967335]
[+05,-01,+007.721996361708822]
[+05,+00,-000.485555792446362]
[+05,+01,-000.383797945419623]
[+05,+02,+007.477788604938223]
[+05,+03,-001.537406878918420]
[+05,+04,-006.852198869262482]
[+06,-04,+003.648304266961635]
[+06,-03,-006.014489869719435]
[+06,-02,+003.626977858667647]
[+06,-01,+005.476540232391585]
[+06,+00,+007.917077859311682]
[+06,+01,+002.426491323972538]
[+06,+02,-002.802242586155675]
[+06,+03,-001.669341909219728]
[+06,+04,+003.054996198785540]
FILTER 06 STOP
FILTER 07 START
[-09,-05,-000.103576997853772]
[-09,-04,-002.766156922552103]
[-09,-03,+007.986618894277962]
[-09,-02,-003.334809379938193]
[-09,-01,+003.597319357013763]
[-09,+00,+005.125586987198846]
[-09,+01,-004.565943395613989]
[-09,+02,-001.402915169838993]
[-09,+03,+007.759238414088118]
[-09,+04,-004.486892548202754]
[-09,+05,-000.686366367694978]
[-08,-05,+000.527523723134184]
[-08,-04,+006.052756154464795]
[-08,-03,-002.675685693962457]
[-08,-02,-000.448978849142840]
[-08,-01,+001.004894958708048]
[-08,+00,+001.704420670278585]
[-08,+01,-004.753728573164864]
[-08,+02,+000.166435338960577]
[-08,+03,-005.766827243228903]
[-08,+04,-000.676725880553077]
[-08,+05,+005.644527583725113]
[-07,-05,+000.887285557393833]
[-07,-04,+005.349820629034298]
[-07,-03,-004.629287550127545]
[-07,-02,+002.102347200054025]
[-07,-01,+005.269967746517054]
[-07,+00,+004.756361398822635]
[-07,+01,+004.488429623021229]
[-07,+02,+001.899592467428926]
[-07,+03,-000.217362311900196]
[-07,+04,+004.757188749463875]
[-07,+05,+001.649758585674782]
[-06,-05,+007.683487253796246]
[-06,-04,-001.092081780941268]
[-06,-03,+005.241075907206209]
[-06,-02,+001.433868962458012]
[-06,-01,+001.295248780374020]
[-06,+00,+002.359680255882262]
[-06,+01,-006.188400217467112]
[-06,+02,-007.610105973273763]
[-06,+03,-007.605713788134052]
[-06,+04,+001.527168815333132]
[-06,+05,-006.466587003807188]
[-05,-05,-000.623637607046060]
[-05,-04,-004.714945979174335]
[-05,-03,+001.978690682445174]
[-05,-02,-004.904214627530537]
[-05,-01,+001.996590293696171]
[-05,+00,-003.790759791042934]
[-05,+01,+003.485407187045617]
[-05,+02,+006.495451200592814]
[-05,+03,-007.163047454153077]
[-05,+04,-004.313099046551974]
[-05,+05,+004.526598337991960]
[-04,-05,-002.659243855548835]
[-04,-04,-000.268013974476617]
[-04,-03,+003.919900766624195]
[-04,-02,+000.442451827651764]
[-04,-01,-004.603373013263900]
[-04,+00,-000.302561093636378]
[-04,+01,+003.621663787799930]
[-04,+02,+006.865234004135537]
[-04,+03,+003.350391764661792]
[-04,+04,-002.423950348065562]
[-04,+05,-001.358337236941464]
[-03,-05,-002.117800619106442]
[-03,-04,-007.191872744012086]
[-03,-03,-007.808519878957938]
[-03,-02,-006.407368824662395]
[-03,-01,+006.523585090791716]
[-03,+00,+001.091828587965068]
[-03,+01,+005.879102879491048]
[-03,+02,+003.239125013271567]
[-03,+03,+002.748826273074609]
[-03,+04,+006.773137272962998]
[-03,+05,+004.043861879092319]
[-02,-05,-007.003959335880682]
[-02,-04,-002.649746025352492]
[-02,-03,+005.523617103637338]
[-02,-02,-000.882342703028646]
[-02,-01,+000.437743399077670]
[-02,+00,+007.285438861043534]
[-02,+01,-006.779098242719401]
[-02,+02,+005.602385074664905]
[-02,+03,+006.124410629842577]
[-02,+04,-007.953269485080325]
[-02,+05,+005.260643014674965]
[-01,-05,-003.982228603207954]
[-01,-04,+001.715716415510320]
[-01,-03,+006.105096665317982]
[-01,-02,-003.439417564864959]
[-01,-01,-006.420518138916023]
[-01,+00,+005.640631706368838]
[-01,+01,+002.429931196428409]
[-01,+02,-002.730083830899074]
[-01,+03,-004.178751383397714]
[-01,+04,-006.927856481641474]
[-01,+05,+007.320997337375220]
[+00,-05,-007.717564856605104]
[+00,-04,+004.531987907380815]
[+00,-03,+007.354718318646967]
[+00,-02,-007.160842976644973]
[+00,-01,-007.000724883819522]
[+00,+00,+005.207945105167312]
[+00,+01,-004.680734836273611]
[+00,+02,+007.169609726233015]
[+00,+03,-004.495563900478764]
[+00,+04,-006.744307893008042]
[+00,+05,-006.497480533578889]
[+01,-05,+000.049591479902080]
[+01,-04,+004.685404166396625]
[+01,-03,+000.540370464838846]
[+01,-02,-007.055878625701020]
[+01,-01,-003.871197913015807]
[+01,+00,+004.918697643521615]
[+01,+01,-004.030395017899373]
[+01,+02,+005.846614139834012]
[+01,+03,-007.398384792498909]
[+01,+04,-000.716758136457154]
[+01,+05,+003.885041144424363]
[+02,-05,+003.838488837994237]
[+02,-04,-003.883223380688813]
[+02,-03,+002.301060593575393]
[+02,-02,-000.159694686569766]
[+02,-01,+005.757180602403283]
[+02,+00,-000.134573156669775]
[+02,+01,-003.828568946823223]
[+02,+02,+004.438246225711330]
[+02,+03,+000.431562211151967]
[+02,+04,-002.809232072331765]
[+02,+05,+003.828517438638471]
[+03,-05,-004.376665951170102]
[+03,-04,+000.916046348808477]
[+03,-03,+000.654362332188839]
[+03,-02,-006.929636689575332]
[+03,-01,-007.702311151903478]
[+03,+00,+001.551274555625820]
[+03,+01,-003.872795762471002]
[+03,+02,+002.183635588545314]
[+03,+03,+000.154475830775283]
[+03,+04,+000.104260356996685]
[+03,+05,+005.551181227400782]
[+04,-05,-005.249368988348939]
[+04,-04,+002.872846778452814]
[+04,-03,-001.433972888471610]
[+04,-02,+002.290610788046083]
[+04,-01,+003.867525033988647]
[+04,+00,+005.391200073861818]
[+04,+01,+005.624162005365990]
[+04,+02,+002.975155897649365]
[+04,+03,+007.805218321671369]
[+04,+04,-007.214911246673887]
[+04,+05,-000.289697304141816]
[+05,-05,+005.376717869340872]
[+05,-04,+007.731679508074150]
[+05,-03,+000.255971932907915]
[+05,-02,+002.151624216627656]
[+05,-01,+004.309191773870321]
[+05,+00,-001.516799827662366]
[+05,+01,+005.662231927275933]
[+05,+02,-003.655252052295442]
[+05,+03,+006.115562313908889]
[+05,+04,+004.584279480851414]
[+05,+05,+000.307653886516523]
[+06,-05,+006.194714795947528]
[+06,-04,+002.240102918395046]
[+06,-03,+007.740976763334379]
[+06,-02,-001.961052865437470]
[+06,-01,-001.645458587848314]
[+06,+00,+001.148547379257884]
[+06,+01,+002.893273983198403]
[+06,+02,+000.003374927741090]
[+06,+03,+002.961695091825318]
[+06,+04,+000.117968365175514]
[+06,+05,+000.799403411826841]
[+07,-05,-000.893061179414049]
[+07,-04,-004.302163195291230]
[+07,-03,+003.340857789649101]
[+07,-02,+006.591018296546377]
[+07,-01,-006.098115256577534]
[+07,+00,-007.602112712049122]
[+07,+01,+001.298574890336761]
[+07,+02,-005.100646866715929]
[+07,+03,-005.726725650512817]
[+07,+04,-003.758051450217753]
[+07,+05,+005.219242115981970]
[+08,-05,+007.152347212242892]
[+08,-04,-002.572853368347587]
[+08,-03,-007.326965527340558]
[+08,-02,-006.543613646080734]
[+08,-01,-002.009830818741424]
[+08,+00,+006.850293750705934]
[+08,+01,-002.627746813888880]
[+08,+02,+001.118098612028625]
[+08,+03,-002.199888917591093]
[+08,+04,+005.306273960237020]
[+08,+05,-002.639886221404543]
[+09,-05,+006.962833911772792]
[+09,-04,+007.272802571521348]
[+09,-03,-005.070165453481286]
[+09,-02,-001.439986710542957]
[+09,-01,-002.753625544335558]
[+09,+00,+005.265914790688610]
[+09,+01,-004.956527879267689]
[+09,+02,+004.989231859256915]
[+09,+03,-001.387489250904268]
[+09,+04,+002.277496222872026]
[+09,+05,+003.498766707064863]
FILTER 07 STOP
FILTER 08 START
[-01,-08,-004.674074539544238]
[-01,-07,+006.344427512709499]
[-01,-06,+007.937917270428848]
[-01,-05,+000.602895971249367]
[-01,-04,-007.155237980112366]
[-01,-03,-006.248885141653510]
[-01,-02,+007.104612401232931]
[-01,-01,+006.346659936771253]
[-01,+00,+007.354405762100720]
[-01,+01,-000.785994332832137]
[-01,+02,+004.626688432828045]
[-01,+03,+002.611396140988100]
[-01,+04,+002.643647484166648]
[-01,+05,+006.636472208462438]
[-01,+06,-002.802750865608299]
[-01,+07,+007.933401760965809]
[-01,+08,+002.963122809772274]
[+00,-08,-004.011734385061816]
[+00,-07,+000.053632143441940]
[+00,-06,+006.574760525234719]
[+00,-05,-005.264699894439824]
[+00,-04,-002.332584363932746]
[+00,-03,+004.023220593868187]
[+00,-02,+006.028965009099338]
[+00,-01,-003.591977319955379]
[+00,+00,-002.104989738625582]
[+00,+01,-007.123330886016253]
[+00,+02,+005.725156966973488]
[+00,+03,-006.268245882026218]
[+00,+04,-007.205184729193645]
[+00,+05,-001.444845500007501]
[+00,+06,-007.261421394168741]
[+00,+07,+004.724604628689454]
[+00,+08,+000.330932588813916]
[+01,-08,+006.217700992043692]
[+01,-07,-006.608691600130225]
[+01,-06,-006.880741448443841]
[+01,-05,+002.701532622423612]
[+01,-04,-005.275511703883440]
[+01,-03,+001.639090683225811]
[+01,-02,-003.491405662743125]
[+01,-01,+003.153409440237114]
[+01,+00,-004.461643093234835]
[+01,+01,+005.020528562083927]
[+01,+02,+002.157196860079404]
[+01,+03,-007.507809516515747]
[+01,+04,+005.280519291262632]
[+01,+05,-005.407376322528918]
[+01,+06,+004.655856436952572]
[+01,+07,+000.550590344767373]
[+01,+08,+000.372336811857462]
FILTER 08 STOP
FILTER 09 START
[-05,-03,-003.787361777769576]
[-05,-02,+004.092424473792166]
[-05,-01,-002.857978263559559]
[-05,+00,+003.759192815760620]
[-05,+01,+001.315772104156059]
[-05,+02,+005.279831754800508]
[-05,+03,-004.991064656062280]
[-04,-03,-007.848777684336437]
[-04,-02,+002.211052725378687]
[-04,-01,-002.489519597942808]
[-04,+00,+003.713946171378282]
[-04,+01,+005.476551896225432]
[-04,+02,+005.628546603047983]
[-04,+03,+007.422615210172804]
[-03,-03,+001.202293403841413]
[-03,-02,-003.634228796468607]
[-03,-01,+005.119064565329740]
[-03,+00,-006.797232499459287]
[-03,+01,+003.314596198774305]
[-03,+02,-004.597798006959957]
[-03,+03,-007.378469622839795]
[-02,-03,-007.658115192029069]
[-02,-02,+002.185900514882375]
[-02,-01,-003.879718716331041]
[-02,+00,-002.160789588204043]
[-02,+01,+002.363314066081118]
[-02,+02,-005.766699708417642]
[-02,+03,-001.703830489473294]
[-01,-03,-007.035539437684408]
[-01,-02,+000.456891779865266]
[-01,-01,-001.943557971218819]
[-01,+00,+003.372841342280365]
[-01,+01,-006.014252464429415]
[-01,+02,-003.970128462290686]
[-01,+03,-005.641983461068147]
[+00,-03,-005.638461241169443]
[+00,-02,+001.568708335557222]
[+00,-01,-004.163964616348471]
[+00,+00,+002.680868695689075]
[+00,+01,+002.775829649765672]
[+00,+02,+002.304639257251619]
[+00,+03,-005.851857168219571]
[+01,-03,-002.964366827938987]
[+01,-02,+002.839647380647548]
[+01,-01,+007.900921715960825]
[+01,+00,-000.473158589431856]
[+01,+01,-007.105183736622822]
[+01,+02,+005.782566360856144]
[+01,+03,-001.673772009885683]
[+02,-03,-000.069820254889880]
[+02,-02,-003.402959927717292]
[+02,-01,-006.467247663451813]
[+02,+00,-003.613804408179522]
[+02,+01,+003.024703781618259]
[+02,+02,+000.503334771628802]
[+02,+03,-005.422766470332549]
[+03,-03,-005.815908204407174]
[+03,-02,+003.758069652828633]
[+03,-01,+004.794969604619178]
[+03,+00,+006.284357214833841]
[+03,+01,-004.968791373958409]
[+03,+02,-000.977188028380084]
[+03,+03,+001.729858043549525]
[+04,-03,+005.657706980614229]
[+04,-02,-000.370089113860555]
[+04,-01,-005.700813090226632]
[+04,+00,+005.848729079112465]
[+04,+01,-006.256825485871568]
[+04,+02,+000.529182062247191]
[+04,+03,+007.329507701728572]
[+05,-03,-002.345644791498025]
[+05,-02,+007.032219766536322]
[+05,-01,-006.878060077649916]
[+05,+00,-001.144280093318685]
[+05,+01,-001.077144614436868]
[+05,+02,-004.290926669520045]
[+05,+03,-001.228802795653850]
FILTER 09 STOP
FILTER 10 START
[-09,-01,-004.104661773968754]
[-09,+00,+004.833444006758613]
[-09,+01,-001.945191057351607]
[-08,-01,-004.881144703904161]
[-08,+00,+000.883897272055879]
[-08,+01,+004.857795617617311]
[-07,-01,+001.008481774789457]
[-07,+00,-004.415859713727885]
[-07,+01,-007.666801440560043]
[-06,-01,-000.298820017576807]
[-06,+00,-007.718207978107444]
[-06,+01,-004.865203595421109]
[-05,-01,-002.278576200448754]
[-05,+00,+006.460302902541672]
[-05,+01,-000.211621057191614]
[-04,-01,+006.192526669542531]
[-04,+00,+001.993325040511744]
[-04,+01,+003.786028787686028]
[-03,-01,+003.382666833538753]
[-03,+00,-000.428057218459383]
[-03,+01,+007.711762547624222]
[-02,-01,-004.550057289973104]
[-02,+00,-002.409777529308570]
[-02,+01,+007.142779222122403]
[-01,-01,-005.019151152620719]
[-01,+00,+000.895254732981273]
[-01,+01,-003.671872949157267]
[+00,-01,-006.771921573579515]
[+00,+00,+003.793797865813799]
[+00,+01,-003.819065623544612]
[+01,-01,-007.187096315214035]
[+01,+00,+000.037342074875166]
[+01,+01,-000.563373923070799]
[+02,-01,+005.904122018234313]
[+02,+00,-004.892049172040570]
[+02,+01,+002.436548467944487]
[+03,-01,+002.391741615055164]
[+03,+00,+003.309244135303127]
[+03,+01,-007.871214161950778]
[+04,-01,-002.493834730055495]
[+04,+00,-000.211137202720270]
[+04,+01,-000.248721600061980]
[+05,-01,-000.329373385478258]
[+05,+00,-000.790186926374664]
[+05,+01,-002.060682146395353]
[+06,-01,+002.011552735032716]
[+06,+00,+003.912489892167981]
[+06,+01,-003.995452858420590]
[+07,-01,+003.644185761097523]
[+07,+00,-000.382379672426552]
[+07,+01,-003.198341933380117]
[+08,-01,+002.128925054680231]
[+08,+00,+006.460109484635586]
[+08,+01,-002.201948966694008]
[+09,-01,+001.141557193130270]
[+09,+00,-003.992829714775038]
[+09,+01,-005.062013585214734]
FILTER 10 STOP
