-06,-03,-000.196766637397818
-06,-02,+002.001539759489983
-06,-01,-000.089854420345490
-06,+00,+002.610824670736518
-06,+01,+003.987500438550104
-06,+02,+003.967036602391222
-06,+03,-000.556591509466940
-05,-03,-000.252656134861224
-05,-02,-002.991983228397999
-05,-01,+002.269702367460052
-05,+00,-003.634035304883694
-05,+01,-000.568019734718524
-05,+02,+003.951751551483301
-05,+03,+003.138258244559541
-04,-03,+003.077644973758921
-04,-02,+000.244006959347325
-04,-01,-001.991962435160671
-04,+00,-001.832434687569426
-04,+01,+000.408821067679890
-04,+02,-003.332135287273776
-04,+03,-001.842784759003524
-03,-03,+001.092614133188532
-03,-02,-000.045633813212453
-03,-01,-001.293836685677687
-03,+00,-001.219495555702809
-03,+01,+001.220179038904718
-03,+02,+003.551241126907538
-03,+03,+003.256908502197938
-02,-03,-000.845398849062445
-02,-02,+000.443674821096316
-02,-01,-001.855989090903485
-02,+00,+000.458652001299178
-02,+01,-001.992716426820194
-02,+02,+001.577472137869706
-02,+03,+002.034572426456513
-01,-03,+002.421157799823662
-01,-02,+001.702767593610911
-01,-01,-002.090138561984814
-01,+00,-001.819554842012631
-01,+01,+000.753150498621495
-01,+02,-003.979662078065046
-01,+03,+000.661412758376057
+00,-03,-002.456913533413904
+00,-02,+000.949800934063833
+00,-01,-001.304150394585469
+00,+00,+003.965061820988648
+00,+01,-000.739169787684318
+00,+02,-003.835215854946844
+00,+03,-003.714323571502736
+01,-03,+000.781503611825582
+01,-02,-001.015439207507933
+01,-01,+001.564547876906215
+01,+00,+003.436866679031925
+01,+01,-003.685973339141871
+01,+02,+003.457795925481933
+01,+03,-001.901541096912307
+02,-03,-003.753325497060223
+02,-02,-003.943512327276314
+02,-01,+001.531929460805801
+02,+00,-003.125945159962699
+02,+01,+002.469812347926553
+02,+02,-002.866040936058844
+02,+03,+000.340967410172007
+03,-03,+000.345266719318333
+03,-02,-002.707840325765945
+03,-01,-000.785858990609582
+03,+00,-002.112622127969630
+03,+01,+003.477560460252054
+03,+02,-000.435895069583261
+03,+03,-001.779410015905286
+04,-03,-002.890902652457894
+04,-02,+003.762975115367327
+04,-01,-003.609124081970451
+04,+00,+000.923370241516357
+04,+01,+001.321670759458651
+04,+02,-003.746509746426366
+04,+03,-000.831322039269686
+05,-03,+001.306771883249156
+05,-02,-002.440796733545601
+05,-01,-003.122454493479806
+05,+00,-002.084539149196987
+05,+01,-002.480827746855057
+05,+02,-001.231733576817317
+05,+03,+000.968238687145729
+06,-03,+002.293573439955843
+06,-02,+000.934625991141322
+06,-01,-003.315446635865476
+06,+00,+000.269805830579843
+06,+01,+003.204656523523734
+06,+02,+003.324259506201377
+06,+03,-003.083157600385045

-01,-05,-000.122032762237353
-01,-04,+003.034855417284042
-01,-03,+003.197469179951868
-01,-02,-000.288316763848231
-01,-01,+003.685779212449748
-01,+00,+001.740351181862644
-01,+01,-001.211269407515646
-01,+02,+003.480384219430614
-01,+03,-003.397376310579605
-01,+04,+002.660045371147365
-01,+05,-003.464604916306770
+00,-05,+003.630903838772900
+00,-04,-003.870490287288875
+00,-03,+003.254632145600445
+00,-02,-000.967737898214455
+00,-01,+003.917341496170204
+00,+00,+000.147870358642010
+00,+01,-001.710491161453345
+00,+02,-003.415850921889960
+00,+03,-002.412971286385241
+00,+04,+002.783351698988102
+00,+05,-003.550947599504195
+01,-05,-003.687479072194485
+01,-04,-001.186729220551381
+01,-03,-003.057445887487654
+01,-02,-001.758212628797743
+01,-01,+003.147227198835753
+01,+00,-003.499022991480506
+01,+01,-003.856436007261082
+01,+02,+002.936308485364611
+01,+03,+001.049790479319737
+01,+04,-000.356295423302996
+01,+05,+000.634626823234012

-07,-02,-000.668291033479665
-07,-01,-003.103317133780665
-07,+00,-001.771902778106957
-07,+01,+001.909116249308832
-07,+02,-003.004503289940739
-06,-02,-000.721338913760076
-06,-01,+001.875202741895177
-06,+00,-002.423890382088490
-06,+01,-001.139161664885902
-06,+02,-002.669755811935913
-05,-02,-002.229227897502989
-05,-01,+001.783282490351755
-05,+00,-000.985777340726053
-05,+01,-001.878896337451722
-05,+02,+000.215724057470994
-04,-02,+000.312047438136585
-04,-01,-000.416402990537288
-04,+00,+001.125250246341098
-04,+01,-003.347212749518306
-04,+02,+002.492612985898241
-03,-02,+003.941649686118104
-03,-01,+002.100796053358524
-03,+00,+001.004619524836214
-03,+01,+002.857741582323166
-03,+02,-001.173214154349705
-02,-02,-002.158358340463176
-02,-01,-003.488868866437542
-02,+00,+001.359658500324049
-02,+01,-000.180696051354892
-02,+02,-000.532798825320413
-01,-02,+000.499512679673406
-01,-01,+000.399586720768496
-01,+00,-002.736077031460995
-01,+01,+002.300283602819297
-01,+02,-003.009462060316708
+00,-02,-001.182980735085457
+00,-01,-002.916250145873612
+00,+00,+002.514486181482369
+00,+01,-002.823986516044372
+00,+02,-003.592139671292639
+01,-02,-000.834666830955649
+01,-01,+003.672687242865122
+01,+00,+003.749228474223307
+01,+01,-002.982276511258307
+01,+02,-000.056146466533719
+02,-02,-002.524623589917608
+02,-01,+000.755968804043760
+02,+00,+003.413214322587415
+02,+01,-003.961088954169899
+02,+02,+002.087667539690139
+03,-02,+002.121673776128422
+03,-01,+000.966318205280135
+03,+00,-001.949419865285708
+03,+01,-000.922832806292658
+03,+02,-002.403072253433129
+04,-02,-002.733340880470977
+04,-01,+002.959495187670925
+04,+00,+000.277449567206604
+04,+01,+003.837978013049127
+04,+02,+002.608975437192147
+05,-02,-002.291315713377080
+05,-01,-003.929162232721367
+05,+00,+003.864029102240766
+05,+01,-003.916163540859911
+05,+02,-002.750452546579835
+06,-02,+001.944180315741606
+06,-01,+002.976753495416207
+06,+00,+003.762576925300227
+06,+01,-003.924955243312851
+06,+02,+000.468431884014116
+07,-02,+000.909563495392601
+07,-01,-000.112779240809552
+07,+00,+000.223665831810230
+07,+01,+001.187353047166881
+07,+02,-003.288268326723350

-03,-03,-000.568890415804738
-03,-02,-002.098566091164077
-03,-01,+002.858428110819661
-03,+00,+001.628389111041473
-03,+01,-000.267582401225552
-03,+02,-002.017026718411273
-03,+03,+003.208680549581904
-02,-03,+001.934817902391861
-02,-02,+003.432785308368478
-02,-01,-002.508681228395228
-02,+00,-002.048769656319260
-02,+01,+003.214636988843714
-02,+02,+001.855947721123257
-02,+03,+001.204733658570571
-01,-03,+002.811864789896240
-01,-02,+000.623568002400431
-01,-01,-001.019699200558893
-01,+00,-002.994971289658774
-01,+01,-001.713784448611816
-01,+02,+003.243842221567682
-01,+03,+001.279069400832192
+00,-03,-003.852398952577305
+00,-02,-003.518287622688405
+00,-01,+003.408096883126924
+00,+00,-003.822915078883802
+00,+01,+000.545338496285136
+00,+02,+000.689564166043484
+00,+03,+003.554064817284649
+01,-03,+002.620170841858714
+01,-02,+000.802580712033306
+01,-01,+002.901423267955096
+01,+00,+000.191564622596194
+01,+01,-002.165200742524180
+01,+02,-001.584321563463959
+01,+03,-003.912384386121595
+02,-03,-001.507649335881474
+02,-02,-001.576720156222039
+02,-01,-000.152729358911633
+02,+00,-000.766627792146513
+02,+01,-000.529276553763608
+02,+02,+002.995216588612620
+02,+03,-003.672921495666305
+03,-03,-002.729922145205435
+03,-02,+003.024098706369609
+03,-01,+001.620546682622023
+03,+00,-000.095648086797708
+03,+01,-003.496534914780420
+03,+02,-000.377374770266043
+03,+03,-002.698609294121598

-01,-08,+000.488539789541968
-01,-07,-003.721665958886040
-01,-06,+002.446060037722309
-01,-05,-001.667001960987607
-01,-04,-003.320183826239806
-01,-03,-001.507926370920813
-01,-02,+001.148480158524136
-01,-01,+002.032826596927564
-01,+00,-003.445503024888648
-01,+01,+002.421231261708630
-01,+02,-001.789531784403958
-01,+03,+001.497066387611718
-01,+04,-002.321609741228177
-01,+05,+002.312398534191722
-01,+06,-000.097090352876675
-01,+07,+002.251100665979905
-01,+08,-001.862048946120240
+00,-08,+000.298766569514124
+00,-07,+003.770779102227142
+00,-06,+001.973465500283131
+00,-05,+000.289218038066753
+00,-04,+001.668899742545995
+00,-03,+002.298034903692943
+00,-02,+003.294506816429930
+00,-01,-003.747196159528028
+00,+00,-002.318765044923337
+00,+01,+001.278913725672174
+00,+02,+001.272469180086837
+00,+03,+001.568454180094215
+00,+04,-003.706425085263365
+00,+05,-001.506551429953043
+00,+06,+003.829684771574890
+00,+07,+001.420921888337650
+00,+08,+000.272389466163878
+01,-08,+000.739286838892872
+01,-07,-002.353992572317889
+01,-06,-003.457708005346107
+01,-05,+002.269539839713569
+01,-04,-000.943401167122673
+01,-03,+003.812322757971327
+01,-02,+000.370905042655295
+01,-01,-000.176372280517988
+01,+00,-003.611032587812899
+01,+01,-000.188409270467923
+01,+02,+000.331003992750756
+01,+03,-001.843739988656130
+01,+04,+001.206400598111427
+01,+05,-003.421349876543886
+01,+06,-003.677226035902733
+01,+07,-003.189520559943314
+01,+08,+002.569047625389289

-04,-03,+003.570024568900503
-04,-02,+001.712945826422303
-04,-01,-000.890160044059841
-04,+00,-002.731171321909259
-04,+01,-000.909870825569744
-04,+02,-002.401764275604038
-04,+03,+002.685871251833405
-03,-03,-002.439642988363715
-03,-02,-000.544020791136543
-03,-01,+001.397435558483963
-03,+00,+002.050747093731132
-03,+01,-003.786159804263000
-03,+02,+003.077812012333469
-03,+03,+001.239769137881370
-02,-03,-003.407340013666889
-02,-02,+000.154416959769895
-02,-01,-003.512262300554840
-02,+00,-000.205581759081683
-02,+01,+001.378558957053594
-02,+02,-002.566367665711016
-02,+03,+003.669525194441415
-01,-03,+003.618246021432325
-01,-02,+000.957520213189984
-01,-01,-002.823746393542433
-01,+00,+002.996774723781467
-01,+01,-002.402300173923687
-01,+02,+001.216982826452614
-01,+03,-001.943011570036412
+00,-03,-002.761240767147108
+00,-02,-002.888369098074281
+00,-01,+000.530744296768565
+00,+00,+002.812539449021151
+00,+01,-002.465144493215565
+00,+02,+001.157773876608466
+00,+03,-001.312925043658317
+01,-03,+000.223427329229340
+01,-02,+003.576616718769036
+01,-01,-001.532123767208060
+01,+00,+001.322639263778640
+01,+01,+003.747237053011735
+01,+02,-001.548711109905859
+01,+03,+002.101371500011382
+02,-03,-003.177567523751784
+02,-02,+002.817996408703609
+02,-01,-002.438224534439014
+02,+00,-001.196124375225322
+02,+01,+000.228679536614423
+02,+02,-002.299078378212934
+02,+03,+003.883410692039592
+03,-03,+003.534154801476338
+03,-02,-000.124093549283185
+03,-01,+000.803067050905095
+03,+00,+000.518240619643261
+03,+01,-002.035639521334882
+03,+02,-003.074686221355251
+03,+03,-002.324934407114556
+04,-03,-002.770323954468957
+04,-02,-000.940377762243465
+04,-01,+000.039958183448886
+04,+00,-002.035574691975497
+04,+01,+000.075612667762867
+04,+02,-000.239538647335618
+04,+03,-003.759260428221202

-08,-05,+002.507095951947116
-08,-04,-001.067516185152254
-08,-03,+003.966254367021500
-08,-02,-002.310833015014820
-08,-01,+000.710565261853788
-08,+00,-000.081047267525320
-08,+01,+001.463812583109194
-08,+02,-000.894104568624167
-08,+03,+001.487340211904265
-08,+04,+000.996527109131235
-08,+05,-002.743648725200519
-07,-05,-002.775119040354422
-07,-04,+003.832606069396294
-07,-03,+002.751136320080661
-07,-02,-003.373491285604435
-07,-01,+000.114179853786702
-07,+00,-001.614217064050990
-07,+01,-000.560298451501306
-07,+02,-002.255384622210465
-07,+03,-002.337912888464478
-07,+04,+002.560701440424821
-07,+05,-000.401718834838692
-06,-05,-000.342567477980602
-06,-04,+002.617848486972782
-06,-03,+000.999722374844390
-06,-02,+000.855146403108398
-06,-01,-001.953479527775549
-06,+00,+000.265027897184783
-06,+01,-003.331561723844150
-06,+02,-002.494412709112213
-06,+03,+001.709353234900078
-06,+04,-001.542522930158448
-06,+05,-000.797032389197618
-05,-05,+000.561860164426361
-05,-04,-002.733084792679906
-05,-03,-000.385623750928330
-05,-02,+001.563443235664603
-05,-01,-003.242597021853517
-05,+00,+000.349249299919073
-05,+01,-002.243508234656270
-05,+02,-003.162600506510149
-05,+03,+001.402709288515443
-05,+04,+000.109363988266900
-05,+05,+000.733135977421522
-04,-05,-000.172138220593216
-04,-04,-002.315548921732526
-04,-03,+002.026647156632658
-04,-02,+002.981245972367426
-04,-01,+002.376992884221203
-04,+00,+002.582807965388533
-04,+01,+001.474874281023087
-04,+02,-002.607062086119367
-04,+03,+003.698027971754348
-04,+04,+002.709694442470037
-04,+05,+002.371592605157978
-03,-05,-000.238357795853172
-03,-04,-000.715782574205418
-03,-03,-000.991198110647049
-03,-02,+003.841559844857078
-03,-01,-001.943014246026592
-03,+00,+000.434010878330784
-03,+01,+001.742389586571363
-03,+02,+003.259808953052416
-03,+03,+003.822686933491683
-03,+04,+000.285278573350670
-03,+05,+002.692863647986659
-02,-05,-000.197295005469710
-02,-04,-003.965393441179435
-02,-03,+002.728192474554258
-02,-02,+000.559127526396981
-02,-01,-000.668312917706967
-02,+00,-000.002868706290315
-02,+01,-001.858429508548532
-02,+02,-002.852750413493347
-02,+03,-000.918632298805963
-02,+04,-001.009031007235176
-02,+05,+003.395592901137550
-01,-05,+003.457910891606024
-01,-04,-002.073169564652854
-01,-03,+002.459428516394433
-01,-02,+002.309420699189840
-01,-01,-003.344351803849079
-01,+00,+003.280287167529336
-01,+01,+001.651290830717659
-01,+02,+001.698182708966524
-01,+03,-002.033475522154386
-01,+04,-000.633907765315126
-01,+05,+003.219628830446372
+00,-05,-001.387030319732862
+00,-04,+002.032048817231692
+00,-03,+002.232058606298668
+00,-02,+003.431253706236067
+00,-01,+001.100764618480314
+00,+00,+003.796322263943375
+00,+01,-002.213442539694733
+00,+02,-003.103767022612482
+00,+03,-000.978398692624414
+00,+04,+000.910744308696150
+00,+05,+001.702962829202465
+01,-05,+003.800525977904869
+01,-04,-001.943662458044743
+01,-03,-000.643507649493192
+01,-02,+002.419803508770367
+01,-01,-001.213262332483020
+01,+00,-003.861826194099268
+01,+01,+000.384747534646735
+01,+02,-000.419538428744538
+01,+03,+003.200704542914340
+01,+04,-002.435355982530213
+01,+05,+003.798697844182863
+02,-05,+002.316059471404141
+02,-04,+000.933424316940790
+02,-03,+000.568164510795688
+02,-02,+001.594063372795993
+02,-01,+000.354868546521645
+02,+00,-002.918434232681898
+02,+01,-003.242380017144282
+02,+02,-000.675506842556632
+02,+03,+003.809141994469696
+02,+04,+000.998472165862555
+02,+05,-003.490167267136376
+03,-05,+000.913583593931013
+03,-04,+000.154900915446548
+03,-03,-000.137851597088347
+03,-02,-000.730407692294810
+03,-01,-000.194324152011485
+03,+00,+001.983976144194633
+03,+01,-000.403957291986245
+03,+02,+000.106575231039555
+03,+03,+002.895035588707149
+03,+04,-002.460466067861436
+03,+05,-001.701486708862465
+04,-05,-003.163377727198344
+04,-04,+000.263281513948121
+04,-03,+002.204376139168884
+04,-02,-000.210442228940829
+04,-01,-003.090345915696449
+04,+00,-001.108723761908450
+04,+01,+001.129581946820495
+04,+02,-002.158762554745241
+04,+03,-002.585851301555370
+04,+04,-000.704096169315626
+04,+05,+000.368062704787992
+05,-05,+002.902409451090306
+05,-04,+003.847315177377676
+05,-03,-001.700122539973200
+05,-02,+001.870996253437852
+05,-01,+002.522075671392787
+05,+00,-001.343604367704912
+05,+01,+002.280225389624293
+05,+02,+002.555767762500922
+05,+03,-001.662717378236171
+05,+04,+000.255530998516117
+05,+05,-002.058878807208066
+06,-05,-003.538628313393803
+06,-04,-000.402491831484446
+06,-03,+002.514721341377888
+06,-02,-003.691267816920504
+06,-01,+000.658325284960424
+06,+00,+003.284134324536191
+06,+01,-002.230156674019765
+06,+02,-003.667883519428192
+06,+03,+003.291403556472942
+06,+04,+002.012948619268908
+06,+05,-002.568840620635616
+07,-05,+001.149037500737133
+07,-04,+001.266729767389227
+07,-03,+001.305755054180813
+07,-02,+000.182469536241439
+07,-01,+001.884165642715653
+07,+00,-002.765214379043028
+07,+01,+003.705483072637569
+07,+02,-003.774985737061269
+07,+03,+000.098104008814601
+07,+04,-001.582801070691648
+07,+05,-003.765332829063945
+08,-05,+002.851615056599366
+08,-04,+002.936958231102308
+08,-03,+000.035073324100892
+08,-02,+000.157119514258927
+08,-01,+002.472845950860211
+08,+00,-003.357674765261021
+08,+01,-000.540385657983387
+08,+02,-000.438929055362760
+08,+03,-003.781163747903761
+08,+04,+002.454202748177068
+08,+05,+001.512005050151359

-02,-06,+002.680097577453830
-02,-05,+002.711796229947619
-02,-04,-001.941490178397060
-02,-03,+000.445301248175944
-02,-02,+003.319770418986536
-02,-01,+003.173620203947284
-02,+00,+003.314607253284533
-02,+01,-002.321198037504554
-02,+02,-001.485126695227429
-02,+03,-002.424445517296372
-02,+04,+000.709289044532501
-02,+05,-001.357844553825371
-02,+06,-001.716486847499509
-01,-06,+001.869176888925832
-01,-05,+001.501793861318248
-01,-04,+003.119744143923701
-01,-03,-001.060821755032181
-01,-02,+001.948985704022620
-01,-01,+001.317882611947307
-01,+00,-003.328908977568251
-01,+01,+002.391186892398652
-01,+02,-001.969165068462612
-01,+03,+003.657573335132215
-01,+04,-002.689509612740892
-01,+05,+000.982977561475257
-01,+06,+003.645218313173495
+00,-06,+002.144464082414856
+00,-05,+002.719739456589857
+00,-04,+002.643414142621427
+00,-03,+002.867375269233303
+00,-02,-000.303215447793000
+00,-01,-003.251667941999658
+00,+00,+000.192582645599508
+00,+01,+002.779694217270919
+00,+02,-001.683010996259531
+00,+03,-003.466775473302349
+00,+04,+003.644029017143028
+00,+05,-002.574741481805318
+00,+06,+003.745584534718417
+01,-06,+002.364159970339665
+01,-05,+002.894532373772965
+01,-04,-003.500192814912430
+01,-03,+001.345881090252853
+01,-02,-000.342341256809902
+01,-01,-003.561390543020770
+01,+00,-001.783143810529276
+01,+01,-001.082728306538254
+01,+02,+000.396990291505605
+01,+03,+002.932436510136243
+01,+04,-001.760786022003400
+01,+05,-000.292394874829002
+01,+06,+002.874700110847281
+02,-06,-000.248486987048997
+02,-05,-002.645372767093874
+02,-04,+003.090766323372031
+02,-03,-001.141289103722254
+02,-02,+000.920327547220684
+02,-01,-001.746794455264791
+02,+00,+003.307405387039778
+02,+01,-001.629561317450543
+02,+02,-001.408166470972970
+02,+03,-001.636805396387460
+02,+04,-003.665817789456416
+02,+05,-000.510072894806548
+02,+06,+002.693170788161780

-02,+00,+002.468852689529170
-01,+00,-000.992405702918459
+00,+00,+003.083755691595579
+01,+00,+002.755386011293882
+02,+00,+003.818006638243586

-01,-06,-001.004426381095712
-01,-05,-002.415966530167403
-01,-04,-003.488512309520418
-01,-03,+001.176338167068230
-01,-02,+001.430110746700281
-01,-01,-001.891849184451305
-01,+00,-000.247450270526429
-01,+01,+003.253498013185283
-01,+02,+002.533027606048105
-01,+03,+000.795677509403590
-01,+04,+002.832739585492981
-01,+05,-002.351986839175353
-01,+06,+001.024097831906126
+00,-06,-003.995857096507791
+00,-05,-002.543162392854980
+00,-04,-002.614416889299188
+00,-03,-001.208236046226971
+00,-02,-002.256985434751458
+00,-01,-002.975378852520083
+00,+00,+003.392995598885107
+00,+01,+001.612751365972837
+00,+02,+002.432933308888199
+00,+03,-002.435523072749002
+00,+04,-003.631141649713882
+00,+05,-003.725942964234861
+00,+06,-000.512380703926136
+01,-06,-003.489650734155810
+01,-05,-003.421918919917792
+01,-04,+003.941142089549035
+01,-03,-000.635176353298053
+01,-02,+003.592874764638228
+01,-01,+000.692488717984818
+01,+00,-002.558475174657685
+01,+01,-003.132281200439640
+01,+02,-001.826348393992257
+01,+03,-003.668849552234796
+01,+04,+003.062185909519078
+01,+05,+002.579697172560446
+01,+06,-001.659116387381796

-03,-08,-003.321477151673889
-03,-07,+003.875116032269950
-03,-06,+002.813568829622827
-03,-05,+001.251553975911382
-03,-04,-002.108624627736917
-03,-03,+002.247227854753661
-03,-02,+000.103402131540009
-03,-01,+002.690505711354385
-03,+00,-000.653884446848845
-03,+01,+000.182295571196351
-03,+02,+002.340401055836268
-03,+03,-000.128566140841645
-03,+04,-001.353351064111826
-03,+05,+002.181287979472277
-03,+06,+002.503751962902644
-03,+07,+000.115133541716730
-03,+08,+000.405683398024832
-02,-08,-000.085426568366868
-02,-07,-000.983049788054674
-02,-06,-001.640332063188751
-02,-05,+003.030164536442866
-02,-04,-000.208557738059487
-02,-03,-000.469016217843746
-02,-02,+002.646025909197741
-02,-01,-001.440804896474450
-02,+00,+002.242191411583295
-02,+01,+001.881968508360642
-02,+02,-002.354453129387260
-02,+03,-000.230437953598085
-02,+04,+001.997909531693449
-02,+05,-003.794173065268641
-02,+06,-000.793489087951290
-02,+07,+002.234616968397899
-02,+08,-002.844517568307584
-01,-08,-000.314329288958692
-01,-07,-000.698759663072690
-01,-06,+001.595137444091814
-01,-05,-001.421896792837352
-01,-04,+003.809455769533000
-01,-03,-003.658381468042007
-01,-02,-000.050914988244879
-01,-01,+000.086761595254264
-01,+00,-003.919737830307998
-01,+01,-003.957381040011699
-01,+02,-003.290361204837761
-01,+03,-001.721713532600538
-01,+04,+002.546920829800819
-01,+05,-000.363183468071820
-01,+06,-001.245082452211485
-01,+07,-003.229725962095825
-01,+08,-000.662346293721391
+00,-08,-003.683623334611267
+00,-07,-001.238678179383372
+00,-06,-000.781481897064254
+00,-05,+003.539555990210528
+00,-04,-003.796779525176485
+00,-03,+000.172776926772223
+00,-02,+002.099981689415222
+00,-01,-001.771066419317836
+00,+00,-001.633598125724059
+00,+01,+002.826868848257210
+00,+02,+000.196160373131935
+00,+03,-003.585829781349293
+00,+04,+003.578450817087462
+00,+05,-000.275777661254307
+00,+06,-001.981330967207840
+00,+07,-002.970344752247647
+00,+08,+003.723407319488834
+01,-08,+002.390798482605137
+01,-07,-000.611008564628534
+01,-06,+001.046325489674635
+01,-05,-000.183637219271726
+01,-04,+003.191848598182411
+01,-03,-000.362152303369007
+01,-02,-002.285764849651579
+01,-01,+001.302650268739541
+01,+00,-001.244959603924969
+01,+01,+002.820618744482355
+01,+02,-001.352255323840371
+01,+03,-002.446471372042956
+01,+04,+003.197512275631963
+01,+05,-001.143124429401825
+01,+06,-002.837172582591606
+01,+07,+000.777558067783022
+01,+08,-000.570806278944064
+02,-08,+003.105639895439030
+02,-07,+003.868266702081109
+02,-06,+002.680644347831980
+02,-05,+001.761305188686055
+02,-04,+001.952005110823821
+02,-03,-001.698902390744683
+02,-02,+001.333690377104096
+02,-01,-003.335786005494621
+02,+00,-001.427075588846832
+02,+01,-000.972940572531598
+02,+02,-002.591010630982288
+02,+03,+000.203453499690319
+02,+04,-002.205788748805730
+02,+05,-003.126543635869009
+02,+06,+002.796917945322880
+02,+07,-000.493570485421027
+02,+08,-002.152712396040765
+03,-08,-002.871421523919552
+03,-07,-003.417097625409844
+03,-06,+000.432424193509360
+03,-05,-003.819431784486280
+03,-04,+000.166852084454678
+03,-03,+003.597095619449021
+03,-02,+001.565108862612858
+03,-01,-002.721530617359294
+03,+00,-000.990934785963815
+03,+01,-003.669869231881330
+03,+02,+003.370184294863605
+03,+03,+002.365098304288954
+03,+04,-003.482718404626614
+03,+05,-000.547365370094796
+03,+06,+001.680554819448622
+03,+07,-000.957666981859930
+03,+08,-002.617028647969263