FILTER 00 START
[-06,-08,+005.983252869365607]
[-06,-07,-004.891181988730882]
[-06,-06,-001.928629416822977]
[-06,-05,-004.095965182575450]
[-06,-04,+006.025713054450225]
[-06,-03,+006.085680313824037]
[-06,-02,+001.486104292046253]
[-06,-01,-002.303102755722442]
[-06,+00,+004.023422387244693]
[-06,+01,+007.546910057708034]
[-06,+02,+007.285177446059988]
[-06,+03,-005.605593733090704]
[-06,+04,+003.880430264329480]
[-06,+05,+002.057576270966306]
[-06,+06,+001.086816519983813]
[-06,+07,-006.602215646316772]
[-06,+08,+006.287405521202068]
[-05,-08,-000.459135571969735]
[-05,-07,-003.391653314488570]
[-05,-06,+007.219425118874726]
[-05,-05,+004.684031573556457]
[-05,-04,+002.034630446351004]
[-05,-03,+000.164053016442843]
[-05,-02,+000.116545762833519]
[-05,-01,+006.725392428910698]
[-05,+00,+005.963216012719426]
[-05,+01,-000.682873326238933]
[-05,+02,-004.116065231921516]
[-05,+03,+007.254847318914226]
[-05,+04,+001.880629285384360]
[-05,+05,-002.784097290410106]
[-05,+06,-001.203518398797756]
[-05,+07,-001.265870715198462]
[-05,+08,-006.342949128399191]
[-04,-08,+000.492413523757424]
[-04,-07,+005.979340594964583]
[-04,-06,-000.464004626371137]
[-04,-05,-004.170990842746134]
[-04,-04,-006.632984599667227]
[-04,-03,-007.870794504276486]
[-04,-02,-000.057206907880888]
[-04,-01,-005.068458361390412]
[-04,+00,-004.344584835717651]
[-04,+01,-002.949518328372994]
[-04,+02,+000.819450287244328]
[-04,+03,-003.438709721985861]
[-04,+04,+006.309365104622097]
[-04,+05,-002.496913230317091]
[-04,+06,-000.859536478737674]
[-04,+07,+002.518406016727624]
[-04,+08,-004.999538363536585]
[-03,-08,+002.440999183091277]
[-03,-07,+004.863494814326771]
[-03,-06,+002.143409732206067]
[-03,-05,-000.244857996599647]
[-03,-04,-007.067727711453195]
[-03,-03,+003.558059844370575]
[-03,-02,+005.995271921438906]
[-03,-01,+000.740595102975185]
[-03,+00,-007.757402565207679]
[-03,+01,+005.095937921864989]
[-03,+02,+006.934595628955860]
[-03,+03,-003.279157990800670]
[-03,+04,+004.688577638893367]
[-03,+05,-007.526640428685893]
[-03,+06,-002.505985875334993]
[-03,+07,+006.454404327447982]
[-03,+08,+002.611324876271771]
[-02,-08,+005.895135238798130]
[-02,-07,+006.872688141703032]
[-02,-06,+002.860844482607996]
[-02,-05,-005.661698419076513]
[-02,-04,+004.051731078981019]
[-02,-03,-000.040148708950584]
[-02,-02,-005.727446322357558]
[-02,-01,+003.817685969846822]
[-02,+00,-005.498184164116209]
[-02,+01,+005.120875291420973]
[-02,+02,-006.421438630297468]
[-02,+03,+005.515872125863444]
[-02,+04,-004.094033990491509]
[-02,+05,-004.263994540107230]
[-02,+06,-002.351027713706683]
[-02,+07,-004.365171442431492]
[-02,+08,-001.165929307941093]
[-01,-08,-001.814147867012954]
[-01,-07,+005.529389132886630]
[-01,-06,+001.627797625602961]
[-01,-05,-006.416128464139824]
[-01,-04,+001.066945434962140]
[-01,-03,-001.859467045045218]
[-01,-02,+003.926799358285827]
[-01,-01,+002.709819887919519]
[-01,+00,-003.135743734969482]
[-01,+01,-005.119195501478620]
[-01,+02,-006.967107887090098]
[-01,+03,+007.060560673668512]
[-01,+04,-003.206484660787252]
[-01,+05,-004.127263385225499]
[-01,+06,+007.116705469650190]
[-01,+07,+001.194891898888491]
[-01,+08,-005.843367747112067]
[+00,-08,+004.981166070869509]
[+00,-07,+005.185845307698935]
[+00,-06,+002.009029554241494]
[+00,-05,+002.820071445198078]
[+00,-04,+007.259532834633809]
[+00,-03,+003.533486585994867]
[+00,-02,-004.406515289035983]
[+00,-01,+004.143592775461256]
[+00,+00,+006.713923943979209]
[+00,+01,+007.677233911358494]
[+00,+02,-007.889843962665291]
[+00,+03,+001.079183019389344]
[+00,+04,-006.694978213261605]
[+00,+05,-003.848460836993063]
[+00,+06,-001.013990887931179]
[+00,+07,+002.607452054859161]
[+00,+08,-001.339173887603105]
[+01,-08,+005.393327196059998]
[+01,-07,+001.406763451049462]
[+01,-06,-004.621314245139484]
[+01,-05,-001.589004199724029]
[+01,-04,+001.462307843059339]
[+01,-03,-001.431952345963467]
[+01,-02,-001.697113099486169]
[+01,-01,+005.492794942554918]
[+01,+00,+000.502795210451199]
[+01,+01,-000.960387169512073]
[+01,+02,-001.296145150950041]
[+01,+03,+007.094285876244724]
[+01,+04,-007.152918977233673]
[+01,+05,-003.454419566633161]
[+01,+06,-000.628136689701133]
[+01,+07,-002.959740785734615]
[+01,+08,+006.218512558104665]
[+02,-08,+003.350338929682515]
[+02,-07,-005.852131656350455]
[+02,-06,+004.378766630246700]
[+02,-05,-002.492921569993641]
[+02,-04,+005.017040622966373]
[+02,-03,-007.312007482600995]
[+02,-02,+000.355387504752523]
[+02,-01,-007.982320074751419]
[+02,+00,-005.651143424205202]
[+02,+01,-002.163288852072993]
[+02,+02,+005.928199166425236]
[+02,+03,-001.375096713122966]
[+02,+04,+000.626501991400261]
[+02,+05,-002.960940473088511]
[+02,+06,+007.958238543810955]
[+02,+07,-005.367635358861865]
[+02,+08,-007.675474650877650]
[+03,-08,+001.575719245227287]
[+03,-07,+001.693342331127353]
[+03,-06,-000.450312667912694]
[+03,-05,+001.238041349429849]
[+03,-04,-005.982881816442765]
[+03,-03,+005.468549735644705]
[+03,-02,-002.431871959884534]
[+03,-01,-006.429896318049813]
[+03,+00,-003.836297627286708]
[+03,+01,+004.384085116532701]
[+03,+02,-004.006500481880455]
[+03,+03,+004.406917353932670]
[+03,+04,+002.018723647230741]
[+03,+05,+004.328736671898559]
[+03,+06,+004.101176672186373]
[+03,+07,+001.009597349208654]
[+03,+08,-006.204581312159025]
[+04,-08,-001.948558512953634]
[+04,-07,-000.361586776322886]
[+04,-06,-000.199657684723276]
[+04,-05,+002.133856619965753]
[+04,-04,+006.670771989384312]
[+04,-03,+007.346168194008253]
[+04,-02,+002.338205894299550]
[+04,-01,-003.765878191753496]
[+04,+00,-000.719597876254715]
[+04,+01,+003.637271485243593]
[+04,+02,-001.904780185959403]
[+04,+03,-002.454757603234338]
[+04,+04,-002.795134215377901]
[+04,+05,+007.970446094633317]
[+04,+06,+003.810339033998860]
[+04,+07,-001.643772339775124]
[+04,+08,-004.644243430652933]
[+05,-08,-004.335162265137351]
[+05,-07,-005.428332834601783]
[+05,-06,-006.709062321225323]
[+05,-05,+006.258857976060687]
[+05,-04,-001.943989945489596]
[+05,-03,+000.364105800497798]
[+05,-02,-003.626904321973473]
[+05,-01,+001.096899916835273]
[+05,+00,+005.737445240418594]
[+05,+01,-004.216179640541608]
[+05,+02,-000.927244927902892]
[+05,+03,+007.392084107023710]
[+05,+04,+002.502517601339932]
[+05,+05,-004.396460202644759]
[+05,+06,-007.273883571025562]
[+05,+07,-006.972663385973858]
[+05,+08,-006.662193677811924]
[+06,-08,-003.247220427692771]
[+06,-07,-001.357820845465534]
[+06,-06,-001.504409584991437]
[+06,-05,+004.370143115215173]
[+06,-04,-007.684920633286881]
[+06,-03,+006.434118401573642]
[+06,-02,+004.338669375640828]
[+06,-01,-001.906838489764645]
[+06,+00,+007.065975438485188]
[+06,+01,+002.983211041650211]
[+06,+02,-000.078447038949648]
[+06,+03,+000.006581016493119]
[+06,+04,-006.545191735012414]
[+06,+05,-005.108630159427205]
[+06,+06,-007.546351689487960]
[+06,+07,+004.857360598735902]
[+06,+08,+006.989698399151802]
FILTER 00 STOP
FILTER 01 START
[-03,-05,-006.421879222884874]
[-03,-04,-006.028446260082738]
[-03,-03,+006.377091939374029]
[-03,-02,-005.158635620669518]
[-03,-01,+001.460621197355449]
[-03,+00,+005.273433483053624]
[-03,+01,-005.169388949456849]
[-03,+02,+004.147919172214651]
[-03,+03,+000.948322550241016]
[-03,+04,-005.468024209594756]
[-03,+05,+007.157820161381869]
[-02,-05,-003.693475054480478]
[-02,-04,+002.671254259029975]
[-02,-03,+005.419874647017634]
[-02,-02,+001.243697688801394]
[-02,-01,+001.560855139665522]
[-02,+00,+001.873272226989481]
[-02,+01,-007.306827672641994]
[-02,+02,-001.992292871728063]
[-02,+03,+006.630315203414025]
[-02,+04,-004.985951508393702]
[-02,+05,-003.823790290981176]
[-01,-05,-006.020436357851867]
[-01,-04,-000.244292672745928]
[-01,-03,-000.803124500037583]
[-01,-02,-003.826918311812964]
[-01,-01,-006.597071237412845]
[-01,+00,-006.563072405786702]
[-01,+01,+005.591709408717270]
[-01,+02,+002.353353697407865]
[-01,+03,-001.305919288528180]
[-01,+04,+007.396377982678803]
[-01,+05,-007.009299721223602]
[+00,-05,+001.132698832884532]
[+00,-04,-005.723545639561127]
[+00,-03,-005.099779130009017]
[+00,-02,-001.617926624784941]
[+00,-01,-005.965682279504856]
[+00,+00,+004.420571020552099]
[+00,+01,-002.723250582547212]
[+00,+02,-000.202658924721716]
[+00,+03,-004.786909126707863]
[+00,+04,+006.217412159085104]
[+00,+05,+006.399410020334640]
[+01,-05,-004.904741900211002]
[+01,-04,-001.912871123716648]
[+01,-03,-001.916386289314767]
[+01,-02,+005.111668888954517]
[+01,-01,-007.791905703968414]
[+01,+00,-000.319628527280575]
[+01,+01,+004.250220914433056]
[+01,+02,+003.813331379631078]
[+01,+03,-003.178276620643089]
[+01,+04,-003.536464562041822]
[+01,+05,-001.540103756946696]
[+02,-05,-000.781484581951013]
[+02,-04,-007.929976637811031]
[+02,-03,+000.569550836031249]
[+02,-02,+002.504021307218046]
[+02,-01,-000.546992484073884]
[+02,+00,+001.138481433719134]
[+02,+01,+007.047414264867683]
[+02,+02,-005.367457968178108]
[+02,+03,-005.458969476720299]
[+02,+04,-003.517547872167853]
[+02,+05,-001.905558823313271]
[+03,-05,-007.687318887616032]
[+03,-04,+001.254878104952725]
[+03,-03,-000.635737288982630]
[+03,-02,+004.252992507198424]
[+03,-01,+003.857035689155227]
[+03,+00,-007.750016774010884]
[+03,+01,+004.338467211129656]
[+03,+02,+002.023043811217399]
[+03,+03,-004.998512087871852]
[+03,+04,+001.500879814808462]
[+03,+05,+006.496774150255641]
FILTER 01 STOP
FILTER 02 START
[-09,-08,+002.074013075599620]
[-09,-07,+003.812415578546943]
[-09,-06,+007.071335809960480]
[-09,-05,-007.917989151566911]
[-09,-04,+006.361295063913564]
[-09,-03,+007.488221169990560]
[-09,-02,-000.536513735945686]
[-09,-01,-004.822162120838932]
[-09,+00,-000.227804103326205]
[-09,+01,-003.589949241566899]
[-09,+02,-002.705851334764471]
[-09,+03,-000.970508591338348]
[-09,+04,-006.342076932553386]
[-09,+05,-005.896871351117236]
[-09,+06,-002.403676343284221]
[-09,+07,-004.493342076273253]
[-09,+08,-004.689468775569205]
[-08,-08,+005.321730806020195]
[-08,-07,+002.745291222074723]
[-08,-06,-003.677720082776231]
[-08,-05,+001.183033334473549]
[-08,-04,+006.307664723458347]
[-08,-03,-003.913144855882091]
[-08,-02,+006.839492913832906]
[-08,-01,-002.206489241064023]
[-08,+00,+004.104835578458703]
[-08,+01,+007.497996525447570]
[-08,+02,+002.898016076488101]
[-08,+03,-001.355810371065374]
[-08,+04,+007.786060109853002]
[-08,+05,+001.220451706295915]
[-08,+06,+006.500726003435405]
[-08,+07,-001.704017958912166]
[-08,+08,-003.272102313901142]
[-07,-08,-005.952265651405074]
[-07,-07,+005.055047200441880]
[-07,-06,+003.701968850000849]
[-07,-05,-002.741439013580912]
[-07,-04,+003.023174753737571]
[-07,-03,-003.807574960022000]
[-07,-02,+000.689496595161396]
[-07,-01,+001.317762874613834]
[-07,+00,+005.129127075021238]
[-07,+01,-004.048655654957280]
[-07,+02,-003.287013864456663]
[-07,+03,-001.424374913873255]
[-07,+04,-002.226994542500799]
[-07,+05,-004.880511676427911]
[-07,+06,-005.590455820618233]
[-07,+07,-000.793944765209000]
[-07,+08,+005.564882070895493]
[-06,-08,+004.739515353335282]
[-06,-07,+005.392227867928220]
[-06,-06,+001.114862279620997]
[-06,-05,-000.625540586896733]
[-06,-04,+006.271370065100177]
[-06,-03,-006.339406245181877]
[-06,-02,-004.943499844415038]
[-06,-01,+006.950930062016310]
[-06,+00,-000.363454041284763]
[-06,+01,+006.068758627447066]
[-06,+02,+001.114956773495338]
[-06,+03,+007.268384133721939]
[-06,+04,+001.522028169989211]
[-06,+05,+005.167644087657626]
[-06,+06,-000.880780985823622]
[-06,+07,-006.638710071260379]
[-06,+08,+003.906304209410935]
[-05,-08,-001.198631211685498]
[-05,-07,-000.890134389137843]
[-05,-06,-006.430196290546125]
[-05,-05,+002.944004550275347]
[-05,-04,-003.385566739612065]
[-05,-03,-000.575490526659214]
[-05,-02,-006.886846776662942]
[-05,-01,+002.467307828753666]
[-05,+00,+006.251848046778937]
[-05,+01,-003.440926736890129]
[-05,+02,-007.233976946487537]
[-05,+03,+001.284067189513202]
[-05,+04,+001.437379345057037]
[-05,+05,-007.943067895701613]
[-05,+06,-005.336733738995461]
[-05,+07,-001.791854362654648]
[-05,+08,+006.429559950886926]
[-04,-08,-006.548048710094216]
[-04,-07,+002.666307361774907]
[-04,-06,-000.751539512201937]
[-04,-05,-003.710059737461544]
[-04,-04,-007.473673854720934]
[-04,-03,-006.708019459032036]
[-04,-02,-000.118721818367641]
[-04,-01,-007.951058197520554]
[-04,+00,-000.400902117244755]
[-04,+01,+007.632832345157752]
[-04,+02,-007.627887202874740]
[-04,+03,-007.660976287061223]
[-04,+04,+007.717705707899954]
[-04,+05,+002.456097642308951]
[-04,+06,-007.864849756656344]
[-04,+07,+005.225827602199812]
[-04,+08,+003.186421983008243]
[-03,-08,-004.216266376723052]
[-03,-07,+005.889508595280866]
[-03,-06,+005.460463865683412]
[-03,-05,-003.263801800059026]
[-03,-04,+007.484327256489665]
[-03,-03,-006.456671944396691]
[-03,-02,-002.246084499612767]
[-03,-01,+006.177189071340672]
[-03,+00,-001.715279704127292]
[-03,+01,+002.603499150552627]
[-03,+02,-000.409299225876936]
[-03,+03,+005.573242051739221]
[-03,+04,-007.003259135494021]
[-03,+05,+004.075093140565034]
[-03,+06,-004.726942064057550]
[-03,+07,+005.935755798073057]
[-03,+08,-007.479977474824135]
[-02,-08,+005.829971426129497]
[-02,-07,+001.981525022523160]
[-02,-06,+003.439623123077704]
[-02,-05,-000.261827344018981]
[-02,-04,+006.743312478239011]
[-02,-03,+006.891618829792543]
[-02,-02,+005.273888857136559]
[-02,-01,-002.697839583715595]
[-02,+00,-000.010295687949700]
[-02,+01,-004.980189812769812]
[-02,+02,+004.040526200666559]
[-02,+03,-002.064681451610635]
[-02,+04,-002.027011471132486]
[-02,+05,+006.445939657154945]
[-02,+06,+004.021210835026874]
[-02,+07,-007.205228692025763]
[-02,+08,+000.435951749064381]
[-01,-08,-005.375979543444673]
[-01,-07,+000.186391784118916]
[-01,-06,-001.621391602023309]
[-01,-05,-002.727699601040365]
[-01,-04,+000.013324111338896]
[-01,-03,-005.376333219867572]
[-01,-02,-007.325966802648654]
[-01,-01,+005.938015319186377]
[-01,+00,-003.716554358998804]
[-01,+01,-007.180228781008916]
[-01,+02,+000.434102402307563]
[-01,+03,+005.632739322261099]
[-01,+04,-002.008258208698845]
[-01,+05,+001.894689439774774]
[-01,+06,-006.793162852839121]
[-01,+07,+003.016269201282935]
[-01,+08,-003.189448165761890]
[+00,-08,-002.766783741128510]
[+00,-07,+005.003972752403648]
[+00,-06,-007.727533338683392]
[+00,-05,-007.594493613037546]
[+00,-04,-007.031396563590880]
[+00,-03,-006.315618451759491]
[+00,-02,+002.039399843812680]
[+00,-01,+002.769550409965005]
[+00,+00,-005.228819008518773]
[+00,+01,+004.422843534895707]
[+00,+02,+004.558942289248771]
[+00,+03,-003.418243696671599]
[+00,+04,+001.187653445144770]
[+00,+05,+007.690847427112807]
[+00,+06,-001.825628161531732]
[+00,+07,+006.686176853855738]
[+00,+08,-005.465714698464714]
[+01,-08,-006.498602664044080]
[+01,-07,-005.640919879154886]
[+01,-06,-003.164823960965286]
[+01,-05,+006.390574120537620]
[+01,-04,-005.209541298003707]
[+01,-03,-003.445789293005943]
[+01,-02,+000.360275559775864]
[+01,-01,-002.422978205602783]
[+01,+00,+001.016887145329276]
[+01,+01,+000.942352090275987]
[+01,+02,-000.628967307722064]
[+01,+03,-002.246891711155309]
[+01,+04,-006.856626954417996]
[+01,+05,+002.267356218315390]
[+01,+06,-007.959319806638689]
[+01,+07,-003.096913549859533]
[+01,+08,+002.971721166844057]
[+02,-08,-007.775148171565192]
[+02,-07,-005.601249208480896]
[+02,-06,-007.213823206246760]
[+02,-05,-001.761213092248468]
[+02,-04,-005.925089479697663]
[+02,-03,-006.670071798885370]
[+02,-02,-000.793210225441344]
[+02,-01,+005.677315841183848]
[+02,+00,+003.714536972540252]
[+02,+01,+001.988056394264877]
[+02,+02,+003.699666838572099]
[+02,+03,+005.331142623519138]
[+02,+04,+005.274748630176987]
[+02,+05,+001.191037462762852]
[+02,+06,-001.658007668832891]
[+02,+07,-002.230150970599460]
[+02,+08,-006.714038711524640]
[+03,-08,+002.782712751252939]
[+03,-07,-003.414231242403433]
[+03,-06,+005.211537989510376]
[+03,-05,+002.584090375256803]
[+03,-04,+007.483648530618888]
[+03,-03,+005.141591149519696]
[+03,-02,-004.457609955976634]
[+03,-01,-004.982952262407556]
[+03,+00,-004.122018710210110]
[+03,+01,-006.698898022575085]
[+03,+02,+000.371856901887528]
[+03,+03,+004.009361577089823]
[+03,+04,+003.368037992341678]
[+03,+05,-002.714428420399836]
[+03,+06,+001.991298947202001]
[+03,+07,+003.187276069245836]
[+03,+08,-003.735980706108910]
[+04,-08,-005.978325726863185]
[+04,-07,+004.632297227925976]
[+04,-06,+004.729173929880826]
[+04,-05,-007.237316058447851]
[+04,-04,+004.670628780088970]
[+04,-03,+000.842636390784861]
[+04,-02,-004.207254733638203]
[+04,-01,-007.718971675331678]
[+04,+00,+004.702327760138802]
[+04,+01,+006.840698858240165]
[+04,+02,+007.548682186724511]
[+04,+03,-002.168318086515704]
[+04,+04,-002.763561178277245]
[+04,+05,+004.709154755044871]
[+04,+06,+000.599289969692856]
[+04,+07,-004.826623230159885]
[+04,+08,-001.049482654326688]
[+05,-08,+001.577060049867651]
[+05,-07,+005.807421074318032]
[+05,-06,-004.623008271416653]
[+05,-05,+004.074322367367527]
[+05,-04,-007.022010536357834]
[+05,-03,-002.690089247045686]
[+05,-02,-006.284066381601058]
[+05,-01,-004.959942031005303]
[+05,+00,+000.723812401259442]
[+05,+01,-002.241361715021274]
[+05,+02,-006.135971597750601]
[+05,+03,+007.368426273067890]
[+05,+04,+004.153044681855208]
[+05,+05,-005.261489194941454]
[+05,+06,-004.653380945486777]
[+05,+07,+003.900821999913472]
[+05,+08,+007.515322236321399]
[+06,-08,+007.179694466456164]
[+06,-07,-007.975512273577632]
[+06,-06,-005.014572310638984]
[+06,-05,-004.947415353123585]
[+06,-04,-003.882230329664790]
[+06,-03,-007.662667865549873]
[+06,-02,+003.563690587825951]
[+06,-01,-004.136513461349260]
[+06,+00,+002.383031179987176]
[+06,+01,+007.059520434994489]
[+06,+02,-006.335016555303421]
[+06,+03,+000.082371896426464]
[+06,+04,+007.944680598418469]
[+06,+05,+000.433627658707055]
[+06,+06,+004.932537440569867]
[+06,+07,+003.251839428080590]
[+06,+08,-003.456126041313366]
[+07,-08,-006.230574015910808]
[+07,-07,+001.253343187506749]
[+07,-06,-003.735089214189701]
[+07,-05,+004.331835604625466]
[+07,-04,+007.471423411510107]
[+07,-03,-006.178720774870936]
[+07,-02,-005.870792005673701]
[+07,-01,-001.093096459846516]
[+07,+00,-006.905629150856218]
[+07,+01,+004.874922264361160]
[+07,+02,-004.999519800449363]
[+07,+03,+005.252925185860240]
[+07,+04,+005.384411115785097]
[+07,+05,-001.927416474702655]
[+07,+06,-000.364503727946236]
[+07,+07,+007.546388885984097]
[+07,+08,+003.887112828432869]
[+08,-08,-003.974213963608628]
[+08,-07,+004.546348847386183]
[+08,-06,+000.873713385780103]
[+08,-05,+006.610069247478927]
[+08,-04,-004.225789657005869]
[+08,-03,-007.428723221334996]
[+08,-02,+001.370675624592575]
[+08,-01,+003.440651714917601]
[+08,+00,+002.793834283444312]
[+08,+01,+002.196163264651284]
[+08,+02,+001.093607667740477]
[+08,+03,+002.870223347611679]
[+08,+04,+004.843269525026793]
[+08,+05,-007.556326514049799]
[+08,+06,-004.385260483521789]
[+08,+07,-006.874769981745219]
[+08,+08,-001.404421823787940]
[+09,-08,+006.672216296615076]
[+09,-07,+006.812563535017047]
[+09,-06,+003.320521731398900]
[+09,-05,-004.557334334362423]
[+09,-04,-004.569833790329113]
[+09,-03,-001.826556906557741]
[+09,-02,-005.860607857072646]
[+09,-01,-001.897002337424729]
[+09,+00,-006.071194112201844]
[+09,+01,-006.344508812595745]
[+09,+02,+006.697163968062275]
[+09,+03,+000.237552608021883]
[+09,+04,-006.514071967662661]
[+09,+05,+005.210622819062239]
[+09,+06,+004.074270395713665]
[+09,+07,+001.289044819408058]
[+09,+08,-002.951971511944244]
FILTER 02 STOP
FILTER 03 START
[-09,-02,+005.754874728419443]
[-09,-01,-007.659484921143804]
[-09,+00,+007.522681035524952]
[-09,+01,-004.524304334983309]
[-09,+02,-005.776432416467900]
[-08,-02,-005.182574840036045]
[-08,-01,+005.099052482446796]
[-08,+00,-006.335120628211190]
[-08,+01,-002.083547001082728]
[-08,+02,+007.109813112057051]
[-07,-02,+004.030348706410718]
[-07,-01,+000.855808425416141]
[-07,+00,-000.910585244879202]
[-07,+01,+001.442980689628653]
[-07,+02,+007.489546149041677]
[-06,-02,-003.774983654865880]
[-06,-01,-005.770797153172287]
[-06,+00,+003.207449737081131]
[-06,+01,+006.349601891086662]
[-06,+02,+000.428867131432435]
[-05,-02,+007.322437927014423]
[-05,-01,+002.683588000675972]
[-05,+00,-001.403223839508446]
[-05,+01,+001.322082620064229]
[-05,+02,+004.312379816924711]
[-04,-02,+006.996401755212290]
[-04,-01,+005.489699883396312]
[-04,+00,-005.373561948425081]
[-04,+01,+005.262487288547376]
[-04,+02,+002.506955509524543]
[-03,-02,+001.863240407871338]
[-03,-01,-005.314750780731798]
[-03,+00,+002.551723207570230]
[-03,+01,+002.388376328354287]
[-03,+02,+006.616385024320293]
[-02,-02,-000.301571402184198]
[-02,-01,-004.249055634212363]
[-02,+00,+000.528029529021945]
[-02,+01,-004.081733972869278]
[-02,+02,-002.385837774458320]
[-01,-02,-005.347613956904082]
[-01,-01,-003.031963008953436]
[-01,+00,+003.707732847885380]
[-01,+01,-004.742308617481815]
[-01,+02,-004.448096205511851]
[+00,-02,-006.169561315167755]
[+00,-01,+002.417304309296801]
[+00,+00,-003.775531104837214]
[+00,+01,+004.810699798004613]
[+00,+02,+004.823754331450923]
[+01,-02,-002.469209836737512]
[+01,-01,-007.410919591881822]
[+01,+00,+001.106975488757383]
[+01,+01,+004.215780029580662]
[+01,+02,+004.327598529742950]
[+02,-02,+007.507369487153934]
[+02,-01,+005.703377070248392]
[+02,+00,+005.096753707154557]
[+02,+01,+002.782384194192590]
[+02,+02,-001.144541175500342]
[+03,-02,+002.990751353132968]
[+03,-01,-007.566931258471760]
[+03,+00,+000.859942139146547]
[+03,+01,-007.261654034423175]
[+03,+02,+005.712843536944304]
[+04,-02,+006.468609941938308]
[+04,-01,+004.067467802895914]
[+04,+00,-005.790354081468422]
[+04,+01,+002.352060244094501]
[+04,+02,+005.031023870427010]
[+05,-02,+003.445784191037310]
[+05,-01,+003.893273444217172]
[+05,+00,-002.952242454660944]
[+05,+01,-007.004894324190836]
[+05,+02,-003.126013069531098]
[+06,-02,+003.606934949828196]
[+06,-01,+001.697519684225705]
[+06,+00,+000.128904630339214]
[+06,+01,+007.920760671088004]
[+06,+02,+004.639998644233355]
[+07,-02,-005.236330506544830]
[+07,-01,+006.722886903189929]
[+07,+00,+001.017657351884564]
[+07,+01,+001.492181996130631]
[+07,+02,+007.929717969930348]
[+08,-02,+005.074655583461615]
[+08,-01,+006.708593680623876]
[+08,+00,+007.548512808768566]
[+08,+01,+007.636208256323620]
[+08,+02,+006.033729698514435]
[+09,-02,+005.977337222350714]
[+09,-01,-005.059755087226609]
[+09,+00,-000.201989139978672]
[+09,+01,-002.814325842863180]
[+09,+02,-001.850773518406843]
FILTER 03 STOP
FILTER 04 START
[-01,-03,+002.503133427024936]
[-01,-02,+001.186225090874769]
[-01,-01,+000.863267767464903]
[-01,+00,-006.064288980139825]
[-01,+01,+005.051834928957820]
[-01,+02,+004.271628356242994]
[-01,+03,-001.075955179704586]
[+00,-03,-005.216610202656074]
[+00,-02,+007.498271298730609]
[+00,-01,+007.424912598854515]
[+00,+00,+003.714645904432663]
[+00,+01,+003.419190883817661]
[+00,+02,-003.372503963372489]
[+00,+03,+001.861897520458376]
[+01,-03,+005.617920814685636]
[+01,-02,-002.026444212498395]
[+01,-01,-007.001319931323412]
[+01,+00,-007.371541425655520]
[+01,+01,-007.899084077705512]
[+01,+02,-006.152578778409582]
[+01,+03,+007.146298428639694]
FILTER 04 STOP
FILTER 05 START
[-01,-04,-004.971911698424115]
[-01,-03,+004.319697852482442]
[-01,-02,+001.157704883701092]
[-01,-01,-005.174269968078269]
[-01,+00,+000.750817397222935]
[-01,+01,+001.579879212637476]
[-01,+02,-002.147062389656977]
[-01,+03,+001.637415878740907]
[-01,+04,-001.839181303211602]
[+00,-04,+004.595732104872862]
[+00,-03,+007.373443744820362]
[+00,-02,+005.961564898158837]
[+00,-01,-004.021586386072437]
[+00,+00,-002.907791365579316]
[+00,+01,-001.029330502114647]
[+00,+02,-006.945557768583885]
[+00,+03,-006.681148027257075]
[+00,+04,+000.937543936746684]
[+01,-04,-001.659976549929166]
[+01,-03,-006.470468212167219]
[+01,-02,+005.633227837112535]
[+01,-01,+006.287802990871153]
[+01,+00,+001.177764038788505]
[+01,+01,-001.083837449775185]
[+01,+02,-003.795859150620654]
[+01,+03,-003.847032252377470]
[+01,+04,+004.371383532514185]
FILTER 05 STOP
FILTER 06 START
[-09,-03,-005.583339883604607]
[-09,-02,-003.502161500308841]
[-09,-01,+002.521757652868150]
[-09,+00,+005.455322647853224]
[-09,+01,+001.936723794956306]
[-09,+02,-002.256010460758322]
[-09,+03,-005.537221542035995]
[-08,-03,+007.368273611384653]
[-08,-02,+006.117479539979907]
[-08,-01,-000.172815478342500]
[-08,+00,-004.856229300665230]
[-08,+01,+004.819108008690465]
[-08,+02,+006.496456082131806]
[-08,+03,+003.388947675812876]
[-07,-03,-001.035890638425004]
[-07,-02,-003.650405605983794]
[-07,-01,-007.397961212498322]
[-07,+00,+002.975815688643170]
[-07,+01,-003.830025894892945]
[-07,+02,-005.320567110298535]
[-07,+03,-001.944777757446616]
[-06,-03,+000.612426639754110]
[-06,-02,-001.440226399686857]
[-06,-01,-005.706351267834153]
[-06,+00,+007.564281504147967]
[-06,+01,+001.100157943577452]
[-06,+02,+004.701663475838538]
[-06,+03,-005.926470628916542]
[-05,-03,-003.882113012279953]
[-05,-02,+003.769275543115000]
[-05,-01,-000.048552564154978]
[-05,+00,+000.522055111367454]
[-05,+01,+003.871136855231532]
[-05,+02,-001.403656433493113]
[-05,+03,-001.774180226931534]
[-04,-03,-002.548325484277065]
[-04,-02,-004.801063964415954]
[-04,-01,+002.818724077011257]
[-04,+00,-005.975431054658834]
[-04,+01,+004.645037978107052]
[-04,+02,-002.976377293877315]
[-04,+03,-003.573860414928916]
[-03,-03,+003.596868043601052]
[-03,-02,+002.240499690213896]
[-03,-01,-006.909923680921620]
[-03,+00,-007.039891779925155]
[-03,+01,-006.606781898935205]
[-03,+02,+002.168783473722167]
[-03,+03,-007.448021437289864]
[-02,-03,-002.435383348278121]
[-02,-02,-002.151402291945413]
[-02,-01,-007.249405849873254]
[-02,+00,-003.615890580497570]
[-02,+01,-002.068581277421954]
[-02,+02,-006.842493862086675]
[-02,+03,+001.234544858496152]
[-01,-03,+002.442103010815542]
[-01,-02,+005.295984245141918]
[-01,-01,-004.503658032794313]
[-01,+00,-006.212907977137387]
[-01,+01,+004.477214030382015]
[-01,+02,-000.806072931494263]
[-01,+03,+002.864337220255548]
[+00,-03,-003.180096603005998]
[+00,-02,-004.211061095732489]
[+00,-01,-004.393554340608979]
[+00,+00,-006.224996140862718]
[+00,+01,+000.605584822246929]
[+00,+02,+003.408660225916092]
[+00,+03,+006.466514679003069]
[+01,-03,-004.709352935671809]
[+01,-02,-001.985267769462201]
[+01,-01,+000.418468303140495]
[+01,+00,-004.938097946977008]
[+01,+01,+006.293602103316221]
[+01,+02,-006.380883693139031]
[+01,+03,-002.079838103024390]
[+02,-03,-003.953666007427463]
[+02,-02,+005.037978080912080]
[+02,-01,-002.975749545426318]
[+02,+00,+007.414771325452454]
[+02,+01,-005.701553134418001]
[+02,+02,-007.226434298465263]
[+02,+03,+001.479887164330631]
[+03,-03,+000.341752572101491]
[+03,-02,+002.348781210450175]
[+03,-01,-003.226820973121299]
[+03,+00,-006.509719469651310]
[+03,+01,-000.027154413586596]
[+03,+02,-005.430591760625441]
[+03,+03,-002.985146955515614]
[+04,-03,+002.682190497507452]
[+04,-02,-003.497423322738916]
[+04,-01,+003.982221681415211]
[+04,+00,-004.049718580330929]
[+04,+01,+007.977099396234189]
[+04,+02,-000.690117472943109]
[+04,+03,+003.776883042072177]
[+05,-03,+000.850018212178380]
[+05,-02,-005.329335202502495]
[+05,-01,-003.116798825939350]
[+05,+00,-006.772920351809944]
[+05,+01,-007.382074174247848]
[+05,+02,-001.705609893811172]
[+05,+03,-005.097848451072386]
[+06,-03,+004.424394391934756]
[+06,-02,-002.662628527724452]
[+06,-01,-005.916848665837827]
[+06,+00,+000.970329010421837]
[+06,+01,-003.472538985717856]
[+06,+02,+003.910963731007783]
[+06,+03,-002.615172194129018]
[+07,-03,-002.591701005648194]
[+07,-02,+005.930109553113990]
[+07,-01,+006.446675748492533]
[+07,+00,-000.849317229778753]
[+07,+01,+006.795047069477725]
[+07,+02,+000.218226406132354]
[+07,+03,-006.905789264270730]
[+08,-03,+002.589346854736043]
[+08,-02,-002.504417107930031]
[+08,-01,+001.931344809062152]
[+08,+00,-007.055860344778690]
[+08,+01,+004.250632698218366]
[+08,+02,-005.725696783984242]
[+08,+03,-001.437081736880868]
[+09,-03,-001.680172444860279]
[+09,-02,-000.302760690952685]
[+09,-01,-006.022339909217276]
[+09,+00,+004.532093637647856]
[+09,+01,-005.548986969709802]
[+09,+02,-003.563613980971388]
[+09,+03,-000.758317943724625]
FILTER 06 STOP
FILTER 07 START
[-02,-04,-005.689171980338980]
[-02,-03,-005.951710218736519]
[-02,-02,-001.873516246065460]
[-02,-01,+007.759065250209330]
[-02,+00,-003.977666570090735]
[-02,+01,-003.822473639821249]
[-02,+02,+005.127279581555637]
[-02,+03,-007.755420743650488]
[-02,+04,+006.473404202716864]
[-01,-04,-005.816555977524926]
[-01,-03,-005.712144586076885]
[-01,-02,-005.060570563703079]
[-01,-01,+006.468646958162880]
[-01,+00,-001.071785713597720]
[-01,+01,-001.588591549060608]
[-01,+02,-001.807313728824973]
[-01,+03,-005.814264288171637]
[-01,+04,+007.910458529693901]
[+00,-04,+004.520694450007399]
[+00,-03,-007.405740666081069]
[+00,-02,+002.731955636345338]
[+00,-01,-006.189571656551044]
[+00,+00,+006.196825224088203]
[+00,+01,+001.323575926376002]
[+00,+02,+004.690950274526166]
[+00,+03,-001.246559298185076]
[+00,+04,-002.005384734012083]
[+01,-04,+000.698172552855352]
[+01,-03,-004.169338729519220]
[+01,-02,-000.074940527945486]
[+01,-01,+003.687133782303590]
[+01,+00,+006.255641290636541]
[+01,+01,+006.376661961558401]
[+01,+02,+001.938668045280055]
[+01,+03,+007.824896912471440]
[+01,+04,+006.639190041007753]
[+02,-04,-000.603704220956153]
[+02,-03,+005.434774830003001]
[+02,-02,+004.094951134695037]
[+02,-01,+005.970639549907547]
[+02,+00,-001.083490171887686]
[+02,+01,+001.118848124156463]
[+02,+02,-005.809050344165154]
[+02,+03,-003.076034466299600]
[+02,+04,+006.124875745438615]
FILTER 07 STOP
FILTER 08 START
[-02,-06,+000.964588101109676]
[-02,-05,+006.617244942047803]
[-02,-04,-004.697917766577930]
[-02,-03,-005.353378711963371]
[-02,-02,+004.073147902484770]
[-02,-01,+004.192206494746593]
[-02,+00,-001.501384213714195]
[-02,+01,-007.602847422220234]
[-02,+02,-000.478775944976228]
[-02,+03,-005.362520307022523]
[-02,+04,-002.159309715885010]
[-02,+05,-000.912241720534530]
[-02,+06,-002.405146157320425]
[-01,-06,-005.405243481888284]
[-01,-05,-000.133595681989142]
[-01,-04,+002.828470651022064]
[-01,-03,-006.055224814057626]
[-01,-02,+007.308081354533988]
[-01,-01,-004.107123154078357]
[-01,+00,+002.086426868245864]
[-01,+01,+000.582848316894673]
[-01,+02,+005.319103409788431]
[-01,+03,-004.892629227496261]
[-01,+04,-005.180496602480877]
[-01,+05,-006.646762256000001]
[-01,+06,-000.963853084844033]
[+00,-06,-000.122025064596768]
[+00,-05,+000.172235089848522]
[+00,-04,+001.671218491814413]
[+00,-03,-000.089133350934040]
[+00,-02,-006.484844400683150]
[+00,-01,-001.580289724084084]
[+00,+00,-005.597486395456972]
[+00,+01,-007.614089453524356]
[+00,+02,+000.329765312989112]
[+00,+03,-005.565552577893524]
[+00,+04,-000.838990563911644]
[+00,+05,+004.447032636567741]
[+00,+06,+005.281519715309082]
[+01,-06,+004.331786381651309]
[+01,-05,+002.153583334702704]
[+01,-04,+003.528657471064291]
[+01,-03,+004.982543180388420]
[+01,-02,+003.542331087839402]
[+01,-01,+007.978077318580654]
[+01,+00,+000.518836465117129]
[+01,+01,+004.617971369055395]
[+01,+02,+002.055240937892790]
[+01,+03,+002.507904752636207]
[+01,+04,-006.862406619025020]
[+01,+05,-000.298264570682958]
[+01,+06,+000.576419959129195]
[+02,-06,+005.068586620929810]
[+02,-05,-003.584573681843615]
[+02,-04,-007.560361930402376]
[+02,-03,+002.119261658178546]
[+02,-02,-005.892246476974478]
[+02,-01,-004.622804358873262]
[+02,+00,-002.919143590610132]
[+02,+01,-005.331457755316887]
[+02,+02,-005.745838106505312]
[+02,+03,+006.678621272046264]
[+02,+04,-002.298256456465365]
[+02,+05,-007.022473260227159]
[+02,+06,-003.492624636616284]
FILTER 08 STOP
FILTER 09 START
[-08,-08,-006.404322773802424]
[-08,-07,-001.600463311803214]
[-08,-06,+001.506019642163308]
[-08,-05,+006.186499929658464]
[-08,-04,-000.052394482041295]
[-08,-03,-007.772203294810701]
[-08,-02,+007.122327906973700]
[-08,-01,+006.267108375015070]
[-08,+00,+007.957299699027777]
[-08,+01,+002.764537993782062]
[-08,+02,-002.514782419449570]
[-08,+03,+005.910995513569603]
[-08,+04,-003.130689429119457]
[-08,+05,+004.315255897238870]
[-08,+06,-001.960057093260950]
[-08,+07,-001.349541387649984]
[-08,+08,+003.994375464095315]
[-07,-08,-002.857225630038068]
[-07,-07,+007.512534856305308]
[-07,-06,+004.363812526782571]
[-07,-05,-004.884277088819923]
[-07,-04,-006.631024509976971]
[-07,-03,-007.358456717101115]
[-07,-02,+005.137400646281124]
[-07,-01,+002.831194442313757]
[-07,+00,-001.278388368254062]
[-07,+01,+004.722755262687707]
[-07,+02,+001.228712509786108]
[-07,+03,+001.598990055013440]
[-07,+04,-002.948828638636567]
[-07,+05,-006.615828294065059]
[-07,+06,+005.536678354063584]
[-07,+07,-001.297498367812326]
[-07,+08,-007.623508953823366]
[-06,-08,+004.828121300437189]
[-06,-07,-007.206692090424497]
[-06,-06,-001.594646089441792]
[-06,-05,+000.898683982404981]
[-06,-04,-001.310230625417690]
[-06,-03,-002.929712722365602]
[-06,-02,+001.324747792984905]
[-06,-01,-000.105457693956355]
[-06,+00,+004.969534235092212]
[-06,+01,-001.858195111169367]
[-06,+02,+005.291085872891182]
[-06,+03,-006.025511958477528]
[-06,+04,-000.134531227007219]
[-06,+05,-003.663190108611273]
[-06,+06,-005.260744742109237]
[-06,+07,+005.050653270159280]
[-06,+08,+006.091953210631322]
[-05,-08,+005.799384405570024]
[-05,-07,+002.153725055591414]
[-05,-06,-005.255491579191496]
[-05,-05,-000.111970028261000]
[-05,-04,-004.551341746764702]
[-05,-03,+006.285796180041661]
[-05,-02,-002.208840586165826]
[-05,-01,-002.892258505221246]
[-05,+00,-004.281700118762439]
[-05,+01,-001.627811774298797]
[-05,+02,+001.715394551241888]
[-05,+03,+002.612612053891688]
[-05,+04,+000.200749891805359]
[-05,+05,-002.696206878516859]
[-05,+06,-003.873901501788803]
[-05,+07,-007.035540409052567]
[-05,+08,+000.957943519975936]
[-04,-08,-004.345650611881780]
[-04,-07,+007.182311134345779]
[-04,-06,+005.130554689004637]
[-04,-05,-005.818329873219975]
[-04,-04,+007.992852945493736]
[-04,-03,+007.956002172424869]
[-04,-02,+001.313792475891733]
[-04,-01,-004.026356826999598]
[-04,+00,+006.164517144471004]
[-04,+01,+000.595310969180495]
[-04,+02,-005.446561916728495]
[-04,+03,+006.200144045383377]
[-04,+04,+004.896435866344422]
[-04,+05,+003.823538942269661]
[-04,+06,-000.089125241785524]
[-04,+07,-005.999850460402795]
[-04,+08,+006.349724426295353]
[-03,-08,-006.775621350250189]
[-03,-07,-002.066094950678297]
[-03,-06,-005.693849732971060]
[-03,-05,+004.508533292046524]
[-03,-04,+000.689054264937498]
[-03,-03,-001.476695520143519]
[-03,-02,+006.359254572492066]
[-03,-01,-001.988208556879423]
[-03,+00,+002.238604988034783]
[-03,+01,-004.275628259152702]
[-03,+02,-005.341763046436622]
[-03,+03,-007.369762117490550]
[-03,+04,+000.293098722088512]
[-03,+05,-006.522023730298228]
[-03,+06,-006.325094634236976]
[-03,+07,+004.692372216658750]
[-03,+08,-005.516624602565626]
[-02,-08,-001.129942378227092]
[-02,-07,+006.856110688929887]
[-02,-06,-005.420871476160043]
[-02,-05,-002.181960522246625]
[-02,-04,+001.061977120614578]
[-02,-03,-007.718682335371009]
[-02,-02,+005.006097282193172]
[-02,-01,+006.048510763374470]
[-02,+00,-000.144545386687753]
[-02,+01,-006.464728129846064]
[-02,+02,+002.040780762121749]
[-02,+03,+003.690234786834720]
[-02,+04,-007.556403332496210]
[-02,+05,+000.140011955398704]
[-02,+06,-006.180403617348553]
[-02,+07,+002.771292377282036]
[-02,+08,+001.082393534835232]
[-01,-08,-005.102847616751530]
[-01,-07,+007.111467574946543]
[-01,-06,-002.820898930642452]
[-01,-05,+007.391535855692496]
[-01,-04,+000.106972193667248]
[-01,-03,+001.317808635673458]
[-01,-02,+000.706756945415608]
[-01,-01,+002.501295626840756]
[-01,+00,+005.116708808710122]
[-01,+01,+001.275411322200608]
[-01,+02,-006.184928635865171]
[-01,+03,+002.609775497512130]
[-01,+04,-007.887176107334433]
[-01,+05,-000.390717179224275]
[-01,+06,-005.435780613882512]
[-01,+07,+003.915447211984700]
[-01,+08,+002.690181519819156]
[+00,-08,-001.481644688195225]
[+00,-07,+002.960409772802242]
[+00,-06,-000.610666631147192]
[+00,-05,+000.886562149429583]
[+00,-04,+005.397930752288033]
[+00,-03,-002.309626427855754]
[+00,-02,+001.055254846351277]
[+00,-01,+002.524002591350996]
[+00,+00,-004.566487194408870]
[+00,+01,+004.378372246747633]
[+00,+02,+005.374920126786911]
[+00,+03,+003.067166941163942]
[+00,+04,+006.000441277035646]
[+00,+05,-006.502908106227075]
[+00,+06,-005.967355076211989]
[+00,+07,-003.858160905902153]
[+00,+08,-007.733938780678693]
[+01,-08,+005.488842567463353]
[+01,-07,-003.096228125874685]
[+01,-06,+007.089489990662770]
[+01,-05,-006.388905481276318]
[+01,-04,+002.325363700936867]
[+01,-03,-002.688615859408518]
[+01,-02,-006.387806732567791]
[+01,-01,+006.628053544524830]
[+01,+00,-004.569355044708425]
[+01,+01,+005.723093774516441]
[+01,+02,+005.511000158913701]
[+01,+03,-006.502816203981586]
[+01,+04,+002.523851011501376]
[+01,+05,+003.624611209941943]
[+01,+06,+000.455320414597960]
[+01,+07,+002.496671387805344]
[+01,+08,+002.875455612137085]
[+02,-08,+002.050100722583545]
[+02,-07,+000.163950317366425]
[+02,-06,-000.359477937520449]
[+02,-05,+003.876822334592593]
[+02,-04,-000.404791083579486]
[+02,-03,-000.602205137584280]
[+02,-02,-001.949131053579709]
[+02,-01,+006.093976133409461]
[+02,+00,+000.740973287707050]
[+02,+01,+004.474777766358542]
[+02,+02,+001.891700036550144]
[+02,+03,-004.539864102986719]
[+02,+04,-002.966319961299982]
[+02,+05,+000.227596700143378]
[+02,+06,+006.971325642462824]
[+02,+07,+000.040610005240417]
[+02,+08,+006.215239833252642]
[+03,-08,+001.224240268867506]
[+03,-07,+002.248745330038838]
[+03,-06,-007.677033622247476]
[+03,-05,+001.861571419875959]
[+03,-04,-007.314700298238057]
[+03,-03,+006.017596492114471]
[+03,-02,-002.920797327918949]
[+03,-01,+000.937546411469919]
[+03,+00,+003.899666270542587]
[+03,+01,-004.335230349307116]
[+03,+02,-003.983776400234282]
[+03,+03,+007.383406667410766]
[+03,+04,+004.952323211035125]
[+03,+05,+002.815878010301720]
[+03,+06,-004.317257490451849]
[+03,+07,-005.757669644046079]
[+03,+08,+004.436225502829799]
[+04,-08,-007.305475011027214]
[+04,-07,-006.540999289859400]
[+04,-06,-006.177305529283329]
[+04,-05,-002.147795608700815]
[+04,-04,+003.119509983067067]
[+04,-03,-007.160693095052542]
[+04,-02,+006.915911009065601]
[+04,-01,-002.722531270295754]
[+04,+00,-000.976343973619668]
[+04,+01,-002.740000015537079]
[+04,+02,-005.329024195937073]
[+04,+03,+001.308416160090321]
[+04,+04,-007.039578474638230]
[+04,+05,-007.259046473983323]
[+04,+06,-003.903317786669161]
[+04,+07,+003.084507819782976]
[+04,+08,+007.224252769056639]
[+05,-08,-007.958875645082413]
[+05,-07,-005.888739632161771]
[+05,-06,-000.759022636419282]
[+05,-05,+006.553313279659299]
[+05,-04,-006.562912941340196]
[+05,-03,-005.458271101505458]
[+05,-02,+000.553568332307501]
[+05,-01,+004.537954188833348]
[+05,+00,-002.129726905709843]
[+05,+01,-003.969266356334845]
[+05,+02,+006.740868157608073]
[+05,+03,+002.534219498640484]
[+05,+04,+003.378374638206894]
[+05,+05,-005.496420474717519]
[+05,+06,-005.293581396785360]
[+05,+07,-001.679853572973308]
[+05,+08,+007.751578026738146]
[+06,-08,-007.936436694347570]
[+06,-07,+001.970511548966723]
[+06,-06,-004.911121449532363]
[+06,-05,-001.599097532420084]
[+06,-04,+007.464143050899059]
[+06,-03,-001.250168490586697]
[+06,-02,-005.669105770246420]
[+06,-01,+003.742688116774017]
[+06,+00,-002.671313907028789]
[+06,+01,+005.492379384513132]
[+06,+02,-001.183853798716719]
[+06,+03,-001.433773094950618]
[+06,+04,+006.869880302123214]
[+06,+05,-003.351156407718380]
[+06,+06,-003.522107913812023]
[+06,+07,-002.947040201994948]
[+06,+08,+000.944050292898664]
[+07,-08,+007.579844178434051]
[+07,-07,+005.097556587955800]
[+07,-06,+003.227180539404294]
[+07,-05,+006.596354221443502]
[+07,-04,+004.470208929108502]
[+07,-03,+004.920975426387221]
[+07,-02,-002.568600458285715]
[+07,-01,-001.348874215583761]
[+07,+00,-002.742146215361300]
[+07,+01,-005.069039473356025]
[+07,+02,-000.285243835919733]
[+07,+03,-007.597535231122052]
[+07,+04,+002.885945708141341]
[+07,+05,-003.252290841789785]
[+07,+06,-007.557685971019280]
[+07,+07,+003.002849757579323]
[+07,+08,-003.143022643868566]
[+08,-08,+001.759029092928730]
[+08,-07,+007.304797968980035]
[+08,-06,+004.466462036982062]
[+08,-05,-004.914291766473383]
[+08,-04,-005.603654356676754]
[+08,-03,+002.490988928402611]
[+08,-02,-000.229621420077702]
[+08,-01,+007.209155885271159]
[+08,+00,-005.430870849781630]
[+08,+01,-004.428155157378098]
[+08,+02,-007.528772884800317]
[+08,+03,-000.780007161738959]
[+08,+04,+007.163855326422111]
[+08,+05,-005.744355893182490]
[+08,+06,+007.229086579513121]
[+08,+07,+004.779222186904098]
[+08,+08,+002.035766521388320]
FILTER 09 STOP
FILTER 10 START
[-08,-03,-003.506474087962237]
[-08,-02,+006.028972340404721]
[-08,-01,-004.794662987833281]
[-08,+00,+001.076953958590877]
[-08,+01,+001.497046876609305]
[-08,+02,+003.151027971790839]
[-08,+03,-007.705871723748857]
[-07,-03,-007.191129339862343]
[-07,-02,-007.886662868508830]
[-07,-01,+000.861357612800077]
[-07,+00,+006.916067371106470]
[-07,+01,+002.289269955738112]
[-07,+02,+001.244206357422067]
[-07,+03,-002.658583757657771]
[-06,-03,-003.194171045205469]
[-06,-02,-006.450892767535402]
[-06,-01,-001.937076824214055]
[-06,+00,+000.031965121900546]
[-06,+01,+007.162010403941689]
[-06,+02,-005.800329601724462]
[-06,+03,+005.251536530707771]
[-05,-03,+002.348059876360313]
[-05,-02,-002.540160575581069]
[-05,-01,+006.684131455162669]
[-05,+00,-005.260733435236162]
[-05,+01,+005.754989949491520]
[-05,+02,-005.447610916356323]
[-05,+03,-001.346751091155966]
[-04,-03,+006.221516386092187]
[-04,-02,-003.400231282670715]
[-04,-01,-005.718417526567752]
[-04,+00,+001.882320007592289]
[-04,+01,+004.967699678278692]
[-04,+02,+004.101345598239760]
[-04,+03,-005.380923207307713]
[-03,-03,+004.592059474036377]
[-03,-02,-007.541187714438228]
[-03,-01,-004.823701185517683]
[-03,+00,-001.999195907178523]
[-03,+01,-007.696989026073627]
[-03,+02,+002.436429755996709]
[-03,+03,+003.575094322708942]
[-02,-03,+000.449551026574914]
[-02,-02,+002.782080436695631]
[-02,-01,-002.919815342057591]
[-02,+00,-005.838517791695821]
[-02,+01,+006.176777605535472]
[-02,+02,+007.355802679872872]
[-02,+03,-002.146038012869095]
[-01,-03,-007.798630147280470]
[-01,-02,-002.065168286596682]
[-01,-01,+001.498161243285237]
[-01,+00,+002.409605839529997]
[-01,+01,-001.360906011545946]
[-01,+02,-001.545794186226768]
[-01,+03,-000.352940362327159]
[+00,-03,+004.823182807391751]
[+00,-02,+005.995482267089907]
[+00,-01,-003.554437810631624]
[+00,+00,+005.443275553167268]
[+00,+01,-004.655112382052332]
[+00,+02,+004.151846612250537]
[+00,+03,+002.834856336740563]
[+01,-03,-004.838200749136522]
[+01,-02,+007.078389878464725]
[+01,-01,+007.714649796462899]
[+01,+00,-004.717804948541955]
[+01,+01,+001.851539239105627]
[+01,+02,-002.479504308223204]
[+01,+03,-002.966554073739195]
[+02,-03,+004.923662247840047]
[+02,-02,+006.533685725966805]
[+02,-01,+004.202677429878307]
[+02,+00,+002.977874051120700]
[+02,+01,-001.059131975871360]
[+02,+02,-001.235771661193843]
[+02,+03,-001.237007824731124]
[+03,-03,-007.997743322294157]
[+03,-02,-000.247479747453202]
[+03,-01,-000.092740529152330]
[+03,+00,+005.536317026010027]
[+03,+01,-007.139463343127382]
[+03,+02,+002.274858828059527]
[+03,+03,+007.507626767338893]
[+04,-03,+005.112945699047431]
[+04,-02,+007.843548355325623]
[+04,-01,-004.578652197568001]
[+04,+00,+003.162626824771307]
[+04,+01,+006.917083199864773]
[+04,+02,+005.452636851871690]
[+04,+03,+006.875118200865977]
[+05,-03,+001.544640342281852]
[+05,-02,-007.578609442981207]
[+05,-01,-001.131121766386803]
[+05,+00,+000.951168219964256]
[+05,+01,-001.776009110333703]
[+05,+02,+002.585265570226014]
[+05,+03,-000.020049431053499]
[+06,-03,-007.684742571870990]
[+06,-02,-006.570317704842029]
[+06,-01,-000.288779140278402]
[+06,+00,+002.719400304552741]
[+06,+01,-006.402147342878632]
[+06,+02,+002.297513448973104]
[+06,+03,+004.662100841192746]
[+07,-03,+001.758988955200422]
[+07,-02,+001.644569657183407]
[+07,-01,+006.475774392225970]
[+07,+00,+001.017295654340957]
[+07,+01,-000.654638618885604]
[+07,+02,-005.390900188628175]
[+07,+03,+004.830006922557127]
[+08,-03,+001.937234734761633]
[+08,-02,-002.277849907665702]
[+08,-01,+001.837644740851594]
[+08,+00,+004.228164501354373]
[+08,+01,+005.224861641535140]
[+08,+02,+003.343613409867714]
[+08,+03,+003.095385896712548]
FILTER 10 STOP
