
-04,-04,-008.899824900983209
-04,-03,-007.460953778350498
-04,-02,+000.433626464337336
-04,-01,-001.703566239001123
-04,+00,+003.255705462278889
-04,+01,-006.865574194636822
-04,+02,+007.190758246204870
-04,+03,-003.276587957424702
-04,+04,-001.724250219543241
-03,-04,-007.051111448288010
-03,-03,+004.360764654258188
-03,-02,+007.977976373991344
-03,-01,+004.157834375158690
-03,+00,+005.421995834321621
-03,+01,+005.080498559133514
-03,+02,-006.406144725308412
-03,+03,+007.888310033481710
-03,+04,-002.351642937515082
-02,-04,+006.600126280535725
-02,-03,-003.623899125301848
-02,-02,-000.788385428314529
-02,-01,-000.190697529256712
-02,+00,-000.122086991307919
-02,+01,-006.284629589849398
-02,+02,-006.414964932839716
-02,+03,-005.133519651933256
-02,+04,-000.827621046775103
-01,-04,-003.163556377686545
-01,-03,-001.892187742331602
-01,-02,+004.059906839029107
-01,-01,+008.614549321679068
-01,+00,+003.549369472357512
-01,+01,-001.873210593863060
-01,+02,+005.980555858994189
-01,+03,-002.706168060926036
-01,+04,-001.755002212211674
+00,-04,+005.019717043811483
+00,-03,-001.121518573895215
+00,-02,+003.842720526973192
+00,-01,-007.469423409613576
+00,+00,-001.681087311200577
+00,+01,+000.513717160086758
+00,+02,+000.312697338914344
+00,+03,+008.681201655618970
+00,+04,+006.268399873922577
+01,-04,+008.581581672975945
+01,-03,+008.638829150661365
+01,-02,+004.575159379911974
+01,-01,+001.719852539297221
+01,+00,-005.579866145940445
+01,+01,-007.344729121871945
+01,+02,-006.372152418021068
+01,+03,-008.277742042060023
+01,+04,+006.568766141875912
+02,-04,+006.905813417562729
+02,-03,+006.021017244878939
+02,-02,+003.071620452528813
+02,-01,-001.275239757603636
+02,+00,+007.930660045317753
+02,+01,-007.251593943236086
+02,+02,-005.191545191179214
+02,+03,+008.921510827533726
+02,+04,-001.574234415391957
+03,-04,-008.591472168272263
+03,-03,-006.229193821029730
+03,-02,-000.653879156468235
+03,-01,+008.053106595608860
+03,+00,+008.586458509936531
+03,+01,-004.069660450710415
+03,+02,-000.144975520301938
+03,+03,+005.671157991544127
+03,+04,+006.480144142744686
+04,-04,+000.698868518428371
+04,-03,-006.251983441256970
+04,-02,-001.450273885471433
+04,-01,+000.286013650408942
+04,+00,-002.294825103824071
+04,+01,-008.166490555974491
+04,+02,+005.082167416706210
+04,+03,-002.323121695880237
+04,+04,+000.725013910147162


+00,-01,+004.917244852949196
+00,+00,-002.439059845393400
+00,+01,-007.892930848894962


-02,-04,-000.972736545987899
-02,-03,-006.884524707937588
-02,-02,+006.490490855566870
-02,-01,-001.263938679312078
-02,+00,-002.427294232647321
-02,+01,-006.805034402153469
-02,+02,-001.075365323926726
-02,+03,+003.955069198760313
-02,+04,-001.464080923481367
-01,-04,+005.614184876814765
-01,-03,+001.198138956822042
-01,-02,-008.414553459706770
-01,-01,+008.654711553400467
-01,+00,+007.681211258136834
-01,+01,+004.171762224398066
-01,+02,+007.349492786721791
-01,+03,+004.784104464521673
-01,+04,+005.343046380945685
+00,-04,-006.087173777532679
+00,-03,-003.985783894788550
+00,-02,+000.080704058818626
+00,-01,-001.127402255521613
+00,+00,-001.221003914679882
+00,+01,-005.129409321576238
+00,+02,+003.595022731885314
+00,+03,-001.405840499370982
+00,+04,-002.897720706478219
+01,-04,+007.583106253525464
+01,-03,-007.369756416821772
+01,-02,-006.237473385545849
+01,-01,-005.929725466100954
+01,+00,+007.400182436154205
+01,+01,-001.573616395355562
+01,+02,-004.180945303074772
+01,+03,+002.645969002578616
+01,+04,-008.654812752441149
+02,-04,-003.959631318400678
+02,-03,-000.697763691990990
+02,-02,-007.450626348787003
+02,-01,+002.028027772850114
+02,+00,+001.200648700790208
+02,+01,+001.921404044560012
+02,+02,+004.588980421149093
+02,+03,-001.079582633789521
+02,+04,+005.219579698598184


-01,-01,-008.360322127671930
-01,+00,-008.432247931699186
-01,+01,+007.645777454707920
+00,-01,-008.972153434449641
+00,+00,-004.038620607239451
+00,+01,+003.219068511256775
+01,-01,-007.648097397330858
+01,+00,-001.114249904768307
+01,+01,+005.301363656290633


-03,-03,+001.610245142430447
-03,-02,+005.983374708006425
-03,-01,+008.894777139602908
-03,+00,+006.447549032203752
-03,+01,+004.574888905008276
-03,+02,-000.688702205583881
-03,+03,+006.353845055302680
-02,-03,-006.807431567607295
-02,-02,+002.219154675619031
-02,-01,-006.579430310859750
-02,+00,-001.399850574612418
-02,+01,+006.844065871154995
-02,+02,+003.006690221566071
-02,+03,+002.837980959721877
-01,-03,-008.154416153012477
-01,-02,-002.072462170734896
-01,-01,+006.822628626169903
-01,+00,-004.134548443412509
-01,+01,-008.699263539307580
-01,+02,+006.151064880423311
-01,+03,+005.238143825769103
+00,-03,-005.008611701521454
+00,-02,-004.265244920877826
+00,-01,-000.235055789416979
+00,+00,+004.702903578734155
+00,+01,+003.174596448092344
+00,+02,+008.408053194264250
+00,+03,+004.514680332104133
+01,-03,+007.867797889893275
+01,-02,+003.778295857764324
+01,-01,+002.876946299276948
+01,+00,+007.480402753915462
+01,+01,-000.357626882253626
+01,+02,+008.089166979905334
+01,+03,+006.152019833889808
+02,-03,-002.975731624576813
+02,-02,-005.945241803072105
+02,-01,+003.412435224739025
+02,+00,-004.468993072968402
+02,+01,+006.163048329958526
+02,+02,+005.623652171791094
+02,+03,+000.059837331250775
+03,-03,-005.408286247827263
+03,-02,+007.617237445085572
+03,-01,+001.430332120435959
+03,+00,-006.081392145086457
+03,+01,+004.854446209026847
+03,+02,+002.877510740886858
+03,+03,-003.834740864708847

