-08,+00,-001.147447250784362
-07,+00,+004.162788666320270
-06,+00,+002.597697657184015
-05,+00,-001.348226875118622
-04,+00,+003.662022121973051
-03,+00,-000.188589851543880
-02,+00,-005.147625135923644
-01,+00,-005.294373395208270
+00,+00,-004.813599085589807
+01,+00,-000.367633866006737
+02,+00,+004.082453379847903
+03,+00,-003.533292756025768
+04,+00,-004.921679818706045
+05,+00,+004.201593394579945
+06,+00,+001.626812477070682
+07,+00,+000.482877431730788
+08,+00,-003.215581648958418

-05,-01,+004.136645596903372
-05,+00,-005.375917029335947
-05,+01,+001.799741759797246
-04,-01,-001.661535190320196
-04,+00,+002.706149082735428
-04,+01,+000.830414688953006
-03,-01,-002.389998777665877
-03,+00,+000.754403261890461
-03,+01,+004.719060997227869
-02,-01,-003.780748765576533
-02,+00,-000.127252178378446
-02,+01,-004.115564908979567
-01,-01,-001.439719330729913
-01,+00,-001.148582787664977
-01,+01,-000.555833589233312
+00,-01,+002.753841344872312
+00,+00,+002.823934262117293
+00,+01,-000.873075607943493
+01,-01,+005.358745068140593
+01,+00,-004.719475060461470
+01,+01,-003.363355277723960
+02,-01,+002.660216296335856
+02,+00,+002.855590248340079
+02,+01,+002.295137110032907
+03,-01,-001.844024779533545
+03,+00,+004.569315412120376
+03,+01,+000.075668360912598
+04,-01,-004.372484012660161
+04,+00,-003.085012392893046
+04,+01,-004.437240782467384
+05,-01,+002.711860482959071
+05,+00,-002.919655454294193
+05,+01,-001.874484993382789

-05,-04,-000.129677595445790
-05,-03,+000.038325032812782
-05,-02,-000.194668734898644
-05,-01,+000.069692879988071
-05,+00,-000.156912182520772
-05,+01,+000.036523846020992
-05,+02,+000.119625801911906
-05,+03,-000.363008174105080
-05,+04,-000.199481982212419
-04,-04,+000.049020715688919
-04,-03,+000.199092934474643
-04,-02,-000.097131052979655
-04,-01,+000.152005334345171
-04,+00,+000.028161980847555
-04,+01,+000.338644901869614
-04,+02,-000.393208063874384
-04,+03,+000.140807931617304
-04,+04,+000.024350780124074
-03,-04,+000.012936648157745
-03,-03,+000.034804178780239
-03,-02,+000.298388890028193
-03,-01,+000.275041320932266
-03,+00,+000.059683612450009
-03,+01,+000.100244463708904
-03,+02,-000.129828628802437
-03,+03,+000.392559731173488
-03,+04,+000.070259967588320
-02,-04,+000.179979839155517
-02,-03,-000.020016350363110
-02,-02,-000.084055717929372
-02,-01,-000.192843994265669
-02,+00,-000.089535520923597
-02,+01,-000.110744493581075
-02,+02,+000.180007927591304
-02,+03,-000.377484011667970
-02,+04,-000.060269453045459
-01,-04,-000.036236212656584
-01,-03,+000.079436844944206
-01,-02,+000.327465556347863
-01,-01,+000.177530398546793
-01,+00,+000.030151670459005
-01,+01,-000.278208122773348
-01,+02,-000.297103417835537
-01,+03,-000.164091422274429
-01,+04,-000.024513200750766
+00,-04,+000.094771284073142
+00,-03,-000.407407432351480
+00,-02,-000.243167347768934
+00,-01,-000.005733244564162
+00,+00,+000.333748178985274
+00,+01,+000.015980809113176
+00,+02,-000.340181051887014
+00,+03,-000.312173084346104
+00,+04,-000.141913856827752
+01,-04,-000.031280185729202
+01,-03,-000.222882984988580
+01,-02,+000.006894999383946
+01,-01,+000.117035158131747
+01,+00,+000.249309578542546
+01,+01,+000.116503648892433
+01,+02,+000.331819045912242
+01,+03,+000.397766554066509
+01,+04,-000.154604794480256
+02,-04,-000.344721604391740
+02,-03,-000.079628175403376
+02,-02,+000.176066586881324
+02,-01,+000.236508379526604
+02,+00,+000.148214988301334
+02,+01,-000.031579575063374
+02,+02,+000.012707781768242
+02,+03,-000.375955708434030
+02,+04,+000.158856111006680
+03,-04,-000.387989574709659
+03,-03,+000.353851726798601
+03,-02,+000.257658839772999
+03,-01,-000.408320260766262
+03,+00,+000.095421256127212
+03,+01,-000.324346543147821
+03,+02,+000.175764878389193
+03,+03,+000.143933917377313
+03,+04,-000.205455244256464
+04,-04,+000.194802727657845
+04,-03,-000.181397027632503
+04,-02,-000.277816981743072
+04,-01,+000.265270935727173
+04,+00,-000.161947498903965
+04,+01,+000.375277832942002
+04,+02,+000.170532449810285
+04,+03,-000.177026189621438
+04,+04,-000.353293329752246
+05,-04,-000.364778053656307
+05,-03,-000.332672041829078
+05,-02,-000.079127446999304
+05,-01,-000.075639122179271
+05,+00,+000.031970253137557
+05,+01,+000.065217453615739
+05,+02,+000.198133548650208
+05,+03,+000.305621062576883
+05,+04,+000.172280660662562

-01,-01,+005.135358666783834
-01,+00,+003.911609957990321
-01,+01,-003.449568698432625
+00,-01,+003.922628181581717
+00,+00,+003.992628857131588
+00,+01,+003.625531669008196
+01,-01,-005.643962785475756
+01,+00,+001.502674325924032
+01,+01,-002.745933327640732

-01,-04,+002.872772480727598
-01,-03,+000.586042834757973
-01,-02,-000.801996503956569
-01,-01,+003.566886772523921
-01,+00,-000.306236052107378
-01,+01,-000.970590096444799
-01,+02,-002.772104836196688
-01,+03,-003.265772869912648
-01,+04,-003.108733783796034
+00,-04,-000.800510926704049
+00,-03,-002.531790500927993
+00,-02,-003.350397814362818
+00,-01,-001.107993810879746
+00,+00,-004.231861546157345
+00,+01,+003.010147423643803
+00,+02,-000.891987529900538
+00,+03,-003.450475686872469
+00,+04,+001.743535213000500
+01,-04,-001.970408278054682
+01,-03,-000.991926181035789
+01,-02,+004.915276370086460
+01,-01,-001.067010519868445
+01,+00,-004.657820862171434
+01,+01,-002.371307015055922
+01,+02,-004.227051092236001
+01,+03,-002.937344226378008
+01,+04,+002.446307553744832

-01,+00,-001.419001777040375
+00,+00,+001.052219942793614
+01,+00,-003.606529970948544

-06,-01,-003.562736253630457
-06,+00,+005.144633389235922
-06,+01,+003.195123710672562
-05,-01,+000.885892995692774
-05,+00,-000.490276400873693
-05,+01,+001.988848458056867
-04,-01,-001.708354847717604
-04,+00,-000.349216425826909
-04,+01,+005.256371614764108
-03,-01,-004.259131756249633
-03,+00,+004.561643129403375
-03,+01,-004.371458638628714
-02,-01,-000.602031663656357
-02,+00,-001.259660845697974
-02,+01,-003.799750614879068
-01,-01,-003.810005152842889
-01,+00,-005.289270857086801
-01,+01,-004.705021735793109
+00,-01,-001.363339595119951
+00,+00,+001.391880806085879
+00,+01,-001.831200636982007
+01,-01,+003.473909819647377
+01,+00,-002.634781950563620
+01,+01,+001.876323688676689
+02,-01,+003.402747178987996
+02,+00,-000.965779437242346
+02,+01,-003.778235682667249
+03,-01,+000.345374885426830
+03,+00,+001.566785698520017
+03,+01,-004.303556931811641
+04,-01,+003.521613085241275
+04,+00,-002.905508403306863
+04,+01,-005.290938072952263
+05,-01,-005.045547644131706
+05,+00,+000.580081241098555
+05,+01,-003.462213303016532
+06,-01,-003.230552663129431
+06,+00,-004.711090433791421
+06,+01,+004.611671965887122

+00,-02,-000.272050862227898
+00,-01,+000.019341964581271
+00,+00,-000.251273146626823
+00,+01,+000.129252148033049
+00,+02,+000.185060145594347

-03,-02,-005.891040311990914
-03,-01,+003.180919433059988
-03,+00,-001.225865683007616
-03,+01,-004.394256472973034
-03,+02,+006.009913845135113
-02,-02,+006.682813336459962
-02,-01,+002.266313882178661
-02,+00,-005.536675757912835
-02,+01,+005.675499120387043
-02,+02,+004.542142190902666
-01,-02,-001.449470554561039
-01,-01,-004.525081276276689
-01,+00,+001.625345894152084
-01,+01,-006.790130301575926
-01,+02,-005.340497143387532
+00,-02,+005.048297258911655
+00,-01,+006.266788313750579
+00,+00,-003.925699488850361
+00,+01,-003.438549938562424
+00,+02,-004.613304675225349
+01,-02,-004.968067776124964
+01,-01,-003.863498091778710
+01,+00,-001.266604803582182
+01,+01,-000.295548716654026
+01,+02,-006.823932331358766
+02,-02,+000.189851070335397
+02,-01,+005.694950275176569
+02,+00,+004.975020786794406
+02,+01,-005.475223141103596
+02,+02,-004.222061571091059
+03,-02,+000.621716510488415
+03,-01,+003.391957176181897
+03,+00,+005.205788165691657
+03,+01,-000.592577520058043
+03,+02,-004.898694143852251

-04,-02,+003.211455854250191
-04,-01,+002.218838769818109
-04,+00,-002.286769099809814
-04,+01,+001.910471250472595
-04,+02,+002.062645100677675
-03,-02,+003.101731655814842
-03,-01,-002.139949997675714
-03,+00,+001.117625497976982
-03,+01,-000.361031352627667
-03,+02,-002.080962619849131
-02,-02,+000.403634813617756
-02,-01,+003.388873359726542
-02,+00,+001.126078105775660
-02,+01,+003.009372193519936
-02,+02,+001.188589434259366
-01,-02,-002.203832729955684
-01,-01,-002.224751446357403
-01,+00,-000.024217433177477
-01,+01,+003.396557708621788
-01,+02,+000.813949162892958
+00,-02,+000.425270804812481
+00,-01,+002.781472372279116
+00,+00,+001.031005099377594
+00,+01,+002.897062905529598
+00,+02,-000.264546546946988
+01,-02,+002.444795435020316
+01,-01,-001.226920797113637
+01,+00,+002.378429243962483
+01,+01,+000.586839339609790
+01,+02,-000.186501605670158
+02,-02,-002.445733832607217
+02,-01,-001.513559954444776
+02,+00,+000.186695995884545
+02,+01,-000.226605159717600
+02,+02,-002.495771328003855
+03,-02,-002.435619761491205
+03,-01,+000.087020144425614
+03,+00,+003.765783850532850
+03,+01,+001.005208200532093
+03,+02,+002.338748307132149
+04,-02,-003.638085091885203
+04,-01,+001.346102711522525
+04,+00,-003.436518810944634
+04,+01,+001.833949476323167
+04,+02,+000.151508963410296