FILTER 00 START
[-08,-08,+004.673997657173429]
[-08,-07,-007.001692018326430]
[-08,-06,-002.642534586202839]
[-08,-05,-000.130203539804437]
[-08,-04,-006.610078208981102]
[-08,-03,+003.950678399771290]
[-08,-02,+006.063286746044215]
[-08,-01,+000.191426567795581]
[-08,+00,+007.702309496655150]
[-08,+01,+004.326474830133369]
[-08,+02,+003.715185619497495]
[-08,+03,-002.799034593227057]
[-08,+04,-003.474216715610678]
[-08,+05,+005.998303544364065]
[-08,+06,-000.803801017938515]
[-08,+07,-007.687591957903161]
[-08,+08,-001.075720708108896]
[-07,-08,-002.009602375261398]
[-07,-07,-000.517049750408541]
[-07,-06,-006.474599531191769]
[-07,-05,-007.466209577812643]
[-07,-04,-005.873231820454478]
[-07,-03,-003.124613164520188]
[-07,-02,+000.076397278787223]
[-07,-01,-001.246882266344064]
[-07,+00,+001.486999196705241]
[-07,+01,-007.761302630944593]
[-07,+02,-007.891270312415470]
[-07,+03,+007.966577890077904]
[-07,+04,-006.273696688191748]
[-07,+05,+007.020918783508565]
[-07,+06,+002.738366161593854]
[-07,+07,+003.656319265332826]
[-07,+08,-007.995975061820445]
[-06,-08,+002.637925862496461]
[-06,-07,+001.429889116521336]
[-06,-06,+007.389048853494385]
[-06,-05,+000.996572964307019]
[-06,-04,-007.523534678265307]
[-06,-03,-003.949180276878526]
[-06,-02,-000.415017029781914]
[-06,-01,+000.447117827184744]
[-06,+00,-002.141120105420155]
[-06,+01,+007.373326599286367]
[-06,+02,-007.207385630051450]
[-06,+03,-006.872859621492715]
[-06,+04,+002.613570901570021]
[-06,+05,+001.520940001118994]
[-06,+06,+006.266427669595020]
[-06,+07,+006.519523677938480]
[-06,+08,+007.504210266143017]
[-05,-08,-006.033433177919095]
[-05,-07,+007.767959908719158]
[-05,-06,+003.173200870447518]
[-05,-05,+005.166351524122540]
[-05,-04,+002.967571311761894]
[-05,-03,+004.763229725159455]
[-05,-02,+000.811189189092911]
[-05,-01,+003.697896342996581]
[-05,+00,-000.568976857074150]
[-05,+01,+004.554762261553762]
[-05,+02,-000.796986342777416]
[-05,+03,+000.082481847275679]
[-05,+04,+007.790219076144643]
[-05,+05,-007.665407562172371]
[-05,+06,+001.850010652394134]
[-05,+07,+007.216810733751045]
[-05,+08,+002.176773293372007]
[-04,-08,+000.479392703246395]
[-04,-07,-000.296419723465734]
[-04,-06,+001.237514813560098]
[-04,-05,+004.458194815356373]
[-04,-04,+007.753345252291433]
[-04,-03,+006.412544772928861]
[-04,-02,-006.097556235369579]
[-04,-01,-003.909030285460544]
[-04,+00,+001.786963834087937]
[-04,+01,+001.882234940630839]
[-04,+02,+006.335701023762836]
[-04,+03,-007.204086869930686]
[-04,+04,+006.614635264010218]
[-04,+05,-003.467976962524194]
[-04,+06,+004.670249960432402]
[-04,+07,+002.860635453004313]
[-04,+08,-004.304220135920714]
[-03,-08,+000.519254338712740]
[-03,-07,-005.455462665962342]
[-03,-06,+007.151735307465863]
[-03,-05,-006.911464793954014]
[-03,-04,+003.221337025163802]
[-03,-03,-007.827282140281442]
[-03,-02,-005.175528286551510]
[-03,-01,+005.637524016552419]
[-03,+00,+006.289121347490575]
[-03,+01,+004.229060033162133]
[-03,+02,+000.350013270163304]
[-03,+03,+002.865518345270740]
[-03,+04,-007.614243789624229]
[-03,+05,-000.733091661260950]
[-03,+06,-007.183335294667662]
[-03,+07,+001.453093556837027]
[-03,+08,+002.369729188383559]
[-02,-08,-000.451861970415854]
[-02,-07,+003.902596514215640]
[-02,-06,-000.764500177413868]
[-02,-05,-005.543882554453479]
[-02,-04,-000.289186508339231]
[-02,-03,+002.889524949495213]
[-02,-02,+006.696308656970563]
[-02,-01,-000.053027062831497]
[-02,+00,+007.085458131549739]
[-02,+01,+003.170920705631936]
[-02,+02,-006.341534393964336]
[-02,+03,+007.945737401139182]
[-02,+04,+005.630072399752169]
[-02,+05,+005.545391456397883]
[-02,+06,-005.884790840137862]
[-02,+07,-002.146876199241515]
[-02,+08,-006.483071030474090]
[-01,-08,+005.251134757000539]
[-01,-07,-007.986233571903600]
[-01,-06,+007.296054354764044]
[-01,-05,+004.760172499130107]
[-01,-04,-006.072977624147082]
[-01,-03,+000.427301258276442]
[-01,-02,-007.194448996580263]
[-01,-01,-005.015340175872643]
[-01,+00,-006.973574538463785]
[-01,+01,-001.996225740689965]
[-01,+02,+006.346489510034145]
[-01,+03,+005.691537579857954]
[-01,+04,+007.396706339210056]
[-01,+05,+004.999512958004066]
[-01,+06,-005.238130428922121]
[-01,+07,-000.724306020444970]
[-01,+08,-002.788694510914608]
[+00,-08,+007.448009750679011]
[+00,-07,+003.540517000322478]
[+00,-06,+002.809396794170031]
[+00,-05,+007.463149646808873]
[+00,-04,-007.199354724895812]
[+00,-03,-002.664384736423028]
[+00,-02,+002.859769978730442]
[+00,-01,+003.636309992369570]
[+00,+00,-003.412102509280302]
[+00,+01,-005.248537903048833]
[+00,+02,+004.837790074912753]
[+00,+03,-007.367658885058336]
[+00,+04,-004.053563778027709]
[+00,+05,-005.629866053200718]
[+00,+06,+004.317257477722418]
[+00,+07,-003.113489928065009]
[+00,+08,-001.816831223672690]
[+01,-08,-007.438464202723877]
[+01,-07,+004.545584727754353]
[+01,-06,-005.324749483325409]
[+01,-05,+007.908174305059875]
[+01,-04,+000.094271659365019]
[+01,-03,-000.145755520069462]
[+01,-02,+006.507810662006449]
[+01,-01,+003.194068273185602]
[+01,+00,-006.421382789893627]
[+01,+01,+003.967277673170504]
[+01,+02,+000.237346773693274]
[+01,+03,-003.505740512067932]
[+01,+04,+003.387256587527562]
[+01,+05,-003.284052129417306]
[+01,+06,+003.472019504004431]
[+01,+07,-006.896940028712626]
[+01,+08,+004.758117271482295]
[+02,-08,-005.254168426729434]
[+02,-07,+003.136295135611073]
[+02,-06,+003.440257075581606]
[+02,-05,+004.081823433901178]
[+02,-04,+007.447114620985861]
[+02,-03,-006.265675552201804]
[+02,-02,-005.498386830650958]
[+02,-01,-000.898616511144972]
[+02,+00,-005.985773337573749]
[+02,+01,-001.267145643325156]
[+02,+02,+000.420934485423137]
[+02,+03,-001.933077733797491]
[+02,+04,+001.083697260679838]
[+02,+05,+003.587784742658879]
[+02,+06,-005.604143167888742]
[+02,+07,+003.679729261978004]
[+02,+08,-004.771686709541815]
[+03,-08,-007.807965712272370]
[+03,-07,+001.742310877250851]
[+03,-06,-000.709502148987855]
[+03,-05,+001.988109218109683]
[+03,-04,-004.669656455800704]
[+03,-03,+002.916973765764277]
[+03,-02,+000.651262856733082]
[+03,-01,+005.086966993262688]
[+03,+00,+006.226387787977657]
[+03,+01,+002.576554756015542]
[+03,+02,-006.091380048259065]
[+03,+03,+002.556169195986804]
[+03,+04,-003.841883168543797]
[+03,+05,+000.694652931726859]
[+03,+06,-005.010734592503789]
[+03,+07,-007.144588779914713]
[+03,+08,+006.904362175099292]
[+04,-08,-006.641922490616135]
[+04,-07,+004.055531389626001]
[+04,-06,-001.628336163777879]
[+04,-05,-001.758312229970945]
[+04,-04,+003.840420550981010]
[+04,-03,+002.312971447819427]
[+04,-02,-005.467876608185241]
[+04,-01,+003.236097237451387]
[+04,+00,+004.555857383135814]
[+04,+01,-000.353413742948074]
[+04,+02,-006.539467050417594]
[+04,+03,+007.603262265422600]
[+04,+04,-006.565923795520877]
[+04,+05,-006.839351023109163]
[+04,+06,+005.140521788765140]
[+04,+07,-006.799860766262011]
[+04,+08,-003.690951093586007]
[+05,-08,+004.992967581932763]
[+05,-07,+005.941246208995313]
[+05,-06,-004.394175063109165]
[+05,-05,+005.064411642417584]
[+05,-04,-002.057595541860264]
[+05,-03,-004.879863057417543]
[+05,-02,+005.282554469287179]
[+05,-01,-004.384570092852160]
[+05,+00,-001.215039682222333]
[+05,+01,+007.403623908796328]
[+05,+02,-001.432551543353323]
[+05,+03,-006.671769984991363]
[+05,+04,-007.596805399088593]
[+05,+05,+004.229528588797278]
[+05,+06,+001.640856275943165]
[+05,+07,+002.667445050791157]
[+05,+08,+002.306102276086579]
[+06,-08,+003.804242603813075]
[+06,-07,-001.834540029687409]
[+06,-06,+000.101840699997407]
[+06,-05,-000.251749465219447]
[+06,-04,-007.221275608618026]
[+06,-03,+003.573062124173591]
[+06,-02,+007.558633565185241]
[+06,-01,-002.319251886472269]
[+06,+00,-002.410525389370280]
[+06,+01,-006.285001463446482]
[+06,+02,+004.175303687741382]
[+06,+03,-000.403389509177853]
[+06,+04,+005.769635993685421]
[+06,+05,+004.212984316442331]
[+06,+06,-000.032926401306929]
[+06,+07,+000.747618915268319]
[+06,+08,+001.360465361436379]
[+07,-08,+005.288465907245103]
[+07,-07,-004.944951472515200]
[+07,-06,+001.737701187109291]
[+07,-05,-001.742401037853444]
[+07,-04,+005.214751881715639]
[+07,-03,+007.295956398227320]
[+07,-02,+005.588415792138694]
[+07,-01,-005.603253869357472]
[+07,+00,-001.186166049240535]
[+07,+01,+002.211492978834082]
[+07,+02,-003.693754823930771]
[+07,+03,-003.846845854401257]
[+07,+04,-003.196076569940777]
[+07,+05,-004.432127517764417]
[+07,+06,+000.673524548409645]
[+07,+07,-003.319218549249639]
[+07,+08,-006.406249383453581]
[+08,-08,+002.306140458901156]
[+08,-07,+007.390908586876446]
[+08,-06,+006.130245357541614]
[+08,-05,+002.318669254032978]
[+08,-04,-005.852877459501203]
[+08,-03,-000.234938504957270]
[+08,-02,-004.714375080295572]
[+08,-01,+007.156231725003442]
[+08,+00,+006.351538683029089]
[+08,+01,+007.514715246253433]
[+08,+02,+003.172420122030461]
[+08,+03,-007.110171221852220]
[+08,+04,-005.973029486803549]
[+08,+05,+003.943595462456198]
[+08,+06,-007.135237582563606]
[+08,+07,-001.885322485442050]
[+08,+08,+005.174238477325201]
FILTER 00 STOP
FILTER 01 START
[-04,-05,+000.588117296590616]
[-04,-04,-002.777613294404075]
[-04,-03,+005.186536890009069]
[-04,-02,-007.888853423743837]
[-04,-01,+006.661192821547708]
[-04,+00,+002.523970181065110]
[-04,+01,-001.654860980979945]
[-04,+02,+001.421015697526848]
[-04,+03,+002.429240846307726]
[-04,+04,-002.017973489695599]
[-04,+05,+000.001817574404457]
[-03,-05,+000.576374682242077]
[-03,-04,+005.918765948247499]
[-03,-03,+000.084324675690056]
[-03,-02,-006.869603316350629]
[-03,-01,+001.401306178982097]
[-03,+00,+000.377082761477670]
[-03,+01,+000.961896005754168]
[-03,+02,-000.217028472594984]
[-03,+03,-000.774930332214753]
[-03,+04,-002.097018231325341]
[-03,+05,-004.278520658495445]
[-02,-05,-005.827761562058621]
[-02,-04,+002.661549437857300]
[-02,-03,-007.552775298608015]
[-02,-02,-003.040105786399657]
[-02,-01,-005.428072640779531]
[-02,+00,+007.245313908013726]
[-02,+01,-001.723964421485451]
[-02,+02,+002.492831063396217]
[-02,+03,+002.217523443818594]
[-02,+04,-002.807853746605650]
[-02,+05,-002.657187508958483]
[-01,-05,+000.138953247721469]
[-01,-04,-004.804214190206750]
[-01,-03,-006.658229395042161]
[-01,-02,+000.555709163434024]
[-01,-01,-000.901240414775096]
[-01,+00,+006.362203360404017]
[-01,+01,-003.029574182770606]
[-01,+02,-005.601145443845633]
[-01,+03,-000.982776455090381]
[-01,+04,+004.121104815307829]
[-01,+05,+005.702195298613301]
[+00,-05,+002.347881903000010]
[+00,-04,-005.891602535089438]
[+00,-03,-000.854142937886792]
[+00,-02,-004.533829754459932]
[+00,-01,+005.754471748840029]
[+00,+00,-002.696128793760813]
[+00,+01,+000.175987224313767]
[+00,+02,-003.254274651956351]
[+00,+03,-001.284718684703520]
[+00,+04,+006.856928484930833]
[+00,+05,+006.679006409795054]
[+01,-05,-005.298110015604347]
[+01,-04,-005.490553662284055]
[+01,-03,+004.860798350973280]
[+01,-02,-001.610484603257328]
[+01,-01,+000.401835829630588]
[+01,+00,-005.269552742948708]
[+01,+01,-007.992970026292491]
[+01,+02,-006.732089414620415]
[+01,+03,-002.000829259320570]
[+01,+04,+006.085205939903572]
[+01,+05,+000.233031472504640]
[+02,-05,-001.746013576353867]
[+02,-04,+004.797479679726580]
[+02,-03,-006.036240679955993]
[+02,-02,+007.169016241779950]
[+02,-01,+007.679408172214723]
[+02,+00,-002.464536643906962]
[+02,+01,-003.381164728557833]
[+02,+02,-000.306687920261382]
[+02,+03,-006.614929175929777]
[+02,+04,+007.253515111232725]
[+02,+05,-000.720555269279362]
[+03,-05,+005.662032478268250]
[+03,-04,-005.647775603658379]
[+03,-03,-004.644419735359556]
[+03,-02,-006.964249905837892]
[+03,-01,+003.057322728802811]
[+03,+00,-001.388597535942607]
[+03,+01,+003.243732864140210]
[+03,+02,+004.992824411876013]
[+03,+03,+002.721883383718177]
[+03,+04,-002.406204284620097]
[+03,+05,-005.168251173581440]
[+04,-05,+006.953811058938681]
[+04,-04,-002.013501391952932]
[+04,-03,+002.393602513963241]
[+04,-02,-001.793628457561837]
[+04,-01,+007.652441535015884]
[+04,+00,-002.539273092887985]
[+04,+01,+006.133635557502403]
[+04,+02,-005.726341421769421]
[+04,+03,-000.615116134051494]
[+04,+04,-006.403399168070131]
[+04,+05,+000.881996483935900]
FILTER 01 STOP
FILTER 02 START
[-02,-05,+002.979463709734581]
[-02,-04,-004.414142386069074]
[-02,-03,+004.268162675223962]
[-02,-02,-005.519726031897880]
[-02,-01,+000.729529349860842]
[-02,+00,+003.214789808998598]
[-02,+01,+000.157562282405499]
[-02,+02,-001.915596497583799]
[-02,+03,+000.248929069779924]
[-02,+04,+003.889266033744754]
[-02,+05,+005.821471153411000]
[-01,-05,-000.296117753189113]
[-01,-04,-004.309685923838581]
[-01,-03,-004.435015876975156]
[-01,-02,+002.788825269752801]
[-01,-01,-004.260322240886865]
[-01,+00,-004.157605236139842]
[-01,+01,+003.287685653800731]
[-01,+02,-005.014319336434196]
[-01,+03,-004.969934210583137]
[-01,+04,-002.680685446339290]
[-01,+05,+000.171668536841452]
[+00,-05,-007.553146703072311]
[+00,-04,+006.346217581998843]
[+00,-03,+000.848324206635104]
[+00,-02,-000.256752253880984]
[+00,-01,-004.467922773931390]
[+00,+00,+004.432201820452990]
[+00,+01,+005.852469131194976]
[+00,+02,-000.726863428072580]
[+00,+03,-002.933366447597413]
[+00,+04,+002.525674316192354]
[+00,+05,+007.200833679943040]
[+01,-05,+003.729017190684537]
[+01,-04,+005.446194426431994]
[+01,-03,+004.286443844557779]
[+01,-02,+004.222870573442767]
[+01,-01,-001.671116776474854]
[+01,+00,+001.630478489039051]
[+01,+01,-004.777956754639103]
[+01,+02,+006.994073160537301]
[+01,+03,-006.374175094955778]
[+01,+04,-002.632176877942340]
[+01,+05,-003.836028189480709]
[+02,-05,-002.612364542383254]
[+02,-04,+004.235588290937448]
[+02,-03,+005.016717782008620]
[+02,-02,-000.278283990088067]
[+02,-01,+001.966422837341417]
[+02,+00,+001.952436353250160]
[+02,+01,-006.986477518388716]
[+02,+02,+005.653248354312613]
[+02,+03,-001.744028470688592]
[+02,+04,-000.626761434977666]
[+02,+05,-003.829937117295664]
FILTER 02 STOP
FILTER 03 START
[-07,-02,+005.758510821170049]
[-07,-01,+007.308156003496711]
[-07,+00,-000.454970963823371]
[-07,+01,-001.489308768887724]
[-07,+02,+002.727251753504216]
[-06,-02,+001.131182140567169]
[-06,-01,+001.487752274571990]
[-06,+00,+007.119818415150659]
[-06,+01,+006.214577009305673]
[-06,+02,-002.762655521349796]
[-05,-02,+005.339794003128606]
[-05,-01,+007.483187855020430]
[-05,+00,+003.291279310867322]
[-05,+01,+004.721804446910861]
[-05,+02,+001.435605192489515]
[-04,-02,-000.187297556755883]
[-04,-01,-001.721536494590232]
[-04,+00,+007.023186897637032]
[-04,+01,-002.856930465205890]
[-04,+02,+001.357997593436394]
[-03,-02,-003.338483851575443]
[-03,-01,-007.115312991113989]
[-03,+00,-004.544265921420251]
[-03,+01,-003.390976704407445]
[-03,+02,-000.612165318768799]
[-02,-02,-000.583424825912184]
[-02,-01,+006.693066728425256]
[-02,+00,+006.102619874842137]
[-02,+01,+004.474939131146243]
[-02,+02,-007.752129851974232]
[-01,-02,-006.858572631947712]
[-01,-01,+003.115250047671449]
[-01,+00,+001.500244887556486]
[-01,+01,-002.312512926262945]
[-01,+02,-002.608034621421456]
[+00,-02,-001.342892057840864]
[+00,-01,-002.051796281738191]
[+00,+00,+000.078280004804840]
[+00,+01,+003.609527632965351]
[+00,+02,-006.656365641821180]
[+01,-02,+007.015124655418756]
[+01,-01,+003.940439695809053]
[+01,+00,-006.990308717950812]
[+01,+01,+000.752574686037407]
[+01,+02,-005.870545476435488]
[+02,-02,+003.225819223849655]
[+02,-01,-004.543397079187846]
[+02,+00,-003.423472848939660]
[+02,+01,-000.172092071859257]
[+02,+02,+000.962559623793934]
[+03,-02,-002.323638827603700]
[+03,-01,+000.439682783401899]
[+03,+00,-001.705939221138399]
[+03,+01,+001.774091910109842]
[+03,+02,+007.602058683041044]
[+04,-02,-007.778716345829055]
[+04,-01,-007.494815672680300]
[+04,+00,-002.551344719501698]
[+04,+01,+001.386060121996120]
[+04,+02,+006.217069561563340]
[+05,-02,+000.178237393690669]
[+05,-01,+003.541503565035926]
[+05,+00,-000.601795102311593]
[+05,+01,+000.278842429516910]
[+05,+02,+007.702738349913382]
[+06,-02,+005.366623028752166]
[+06,-01,+003.459144522757056]
[+06,+00,-004.103147275060333]
[+06,+01,+000.551742280958594]
[+06,+02,-000.004772912352937]
[+07,-02,+003.177629803634243]
[+07,-01,-001.768747856149533]
[+07,+00,+003.343467526473944]
[+07,+01,-005.272448715180198]
[+07,+02,+002.934526943779680]
FILTER 03 STOP
FILTER 04 START
[-04,-08,+000.563324697190664]
[-04,-07,+003.793264086579031]
[-04,-06,-003.119831574730270]
[-04,-05,-001.631337370645925]
[-04,-04,-007.514428084368184]
[-04,-03,-004.623313224577013]
[-04,-02,-001.607937295960886]
[-04,-01,-004.690586677077050]
[-04,+00,+007.784864093095889]
[-04,+01,+002.878182689229726]
[-04,+02,+001.291214855593864]
[-04,+03,-007.687014009256130]
[-04,+04,-003.890561099750473]
[-04,+05,-002.555445349329709]
[-04,+06,+002.921309677939155]
[-04,+07,+001.460385147061166]
[-04,+08,+002.392975073659080]
[-03,-08,+005.664028965409120]
[-03,-07,-006.868430025817114]
[-03,-06,+001.314494796528153]
[-03,-05,+001.384673282172328]
[-03,-04,-000.756101422858377]
[-03,-03,-003.820839404034414]
[-03,-02,-006.418083928600584]
[-03,-01,+000.026387638505390]
[-03,+00,-004.128257432701949]
[-03,+01,+005.352882261429851]
[-03,+02,-002.456955717702655]
[-03,+03,-005.952034463293469]
[-03,+04,+003.027277988255035]
[-03,+05,+006.459714224842649]
[-03,+06,-007.644883148831791]
[-03,+07,+006.705179080176322]
[-03,+08,+002.380017017838203]
[-02,-08,-007.093497301831574]
[-02,-07,-001.471011132816516]
[-02,-06,-007.607470511623607]
[-02,-05,-004.532534245310279]
[-02,-04,+002.076954932664730]
[-02,-03,+005.170605786860644]
[-02,-02,+000.498683019758152]
[-02,-01,+004.528184207851158]
[-02,+00,-000.463295959659554]
[-02,+01,+007.965790748674277]
[-02,+02,+007.768778368940831]
[-02,+03,+007.977817340916809]
[-02,+04,-000.359064328599457]
[-02,+05,-002.573526265573198]
[-02,+06,-003.823155574094754]
[-02,+07,-007.222124705492286]
[-02,+08,-007.943241058849908]
[-01,-08,+003.895110243934649]
[-01,-07,+002.653662675834468]
[-01,-06,+002.831933971314838]
[-01,-05,-000.978413290077688]
[-01,-04,+007.378641073700239]
[-01,-03,+000.098899305025368]
[-01,-02,-002.210500766608350]
[-01,-01,-001.238110471123116]
[-01,+00,+001.086590489198725]
[-01,+01,-001.043771610098508]
[-01,+02,-004.761926954110375]
[-01,+03,+001.273985268149024]
[-01,+04,-006.886357836710479]
[-01,+05,+005.737702992199452]
[-01,+06,-005.030449818315246]
[-01,+07,+004.851349112636070]
[-01,+08,+007.529918593647979]
[+00,-08,-002.212556109288503]
[+00,-07,-000.092348278949171]
[+00,-06,-003.362914833344950]
[+00,-05,+007.190592006924499]
[+00,-04,+005.725810303407670]
[+00,-03,-005.629402573756195]
[+00,-02,-002.609989666512183]
[+00,-01,-003.655252384290829]
[+00,+00,-002.416966566645659]
[+00,+01,-000.058300545830649]
[+00,+02,+005.630177229109828]
[+00,+03,+004.225223628799867]
[+00,+04,+004.710894256816472]
[+00,+05,-007.062237371216524]
[+00,+06,+000.828913901452818]
[+00,+07,-005.762801789496054]
[+00,+08,-005.961553002699059]
[+01,-08,+002.774574050782268]
[+01,-07,-001.882903937476284]
[+01,-06,-000.420520781315748]
[+01,-05,+005.392961653297499]
[+01,-04,-003.955216015383099]
[+01,-03,-001.995167723126803]
[+01,-02,+005.322479506412755]
[+01,-01,+005.926638630459182]
[+01,+00,-001.654786314047520]
[+01,+01,-003.609063641301432]
[+01,+02,-004.638030312671672]
[+01,+03,-005.895941494900805]
[+01,+04,+002.149245904017278]
[+01,+05,-004.984974583535971]
[+01,+06,+002.995526469419822]
[+01,+07,-003.449954225377837]
[+01,+08,-007.282552184050559]
[+02,-08,-003.374886075460889]
[+02,-07,+006.912106777532875]
[+02,-06,-002.107110904974995]
[+02,-05,-003.356437891283099]
[+02,-04,-007.391670191733493]
[+02,-03,-001.098705892542222]
[+02,-02,+001.461138800190149]
[+02,-01,+007.705253895188738]
[+02,+00,-007.908394098663482]
[+02,+01,+002.769655017296104]
[+02,+02,-004.286372947732545]
[+02,+03,+000.917693151628185]
[+02,+04,-005.701863749904321]
[+02,+05,-005.089035470987053]
[+02,+06,+002.286593910342035]
[+02,+07,-005.325725698377520]
[+02,+08,+000.819866037904241]
[+03,-08,+003.716576985196044]
[+03,-07,+002.336405786892367]
[+03,-06,+005.396852252040034]
[+03,-05,-001.110926118217543]
[+03,-04,+005.732098617956455]
[+03,-03,-000.597364188178712]
[+03,-02,+003.631569971742165]
[+03,-01,+006.239314245891940]
[+03,+00,+006.259584397554496]
[+03,+01,+006.475882360340227]
[+03,+02,-007.464904345834544]
[+03,+03,-000.639964224453870]
[+03,+04,+001.802296572246123]
[+03,+05,-003.444831131150348]
[+03,+06,-007.041873623551838]
[+03,+07,-000.073198827582212]
[+03,+08,-003.985272617305787]
[+04,-08,-006.189985409019396]
[+04,-07,-002.378409611632867]
[+04,-06,-000.298310098646738]
[+04,-05,-000.721672798484899]
[+04,-04,-006.319309105616588]
[+04,-03,-003.863865547144636]
[+04,-02,+006.854029869307270]
[+04,-01,-001.634030910813038]
[+04,+00,-004.552242384359088]
[+04,+01,-007.558069435623542]
[+04,+02,-000.051662463711912]
[+04,+03,+007.191894744932938]
[+04,+04,+000.233507104209284]
[+04,+05,+003.788576266592424]
[+04,+06,-005.941467068527896]
[+04,+07,-006.876780404055205]
[+04,+08,-003.762768924956982]
FILTER 04 STOP
FILTER 05 START
[-03,-09,+006.610579591508762]
[-03,-08,-006.551872714241364]
[-03,-07,+003.929132316499262]
[-03,-06,+003.351824989570288]
[-03,-05,-006.413307189943568]
[-03,-04,-007.414661818615137]
[-03,-03,-002.635578464098836]
[-03,-02,+003.364930461411198]
[-03,-01,-004.825027986068656]
[-03,+00,+004.273383385762671]
[-03,+01,-000.937049568273512]
[-03,+02,-006.634091279992072]
[-03,+03,+003.638182957779351]
[-03,+04,-000.284383453976458]
[-03,+05,-004.425771614089715]
[-03,+06,+007.173321228045550]
[-03,+07,+005.727985176994228]
[-03,+08,+005.313101820826834]
[-03,+09,+005.653416566518828]
[-02,-09,-001.927862262698243]
[-02,-08,-000.721762458372096]
[-02,-07,+007.625962957764296]
[-02,-06,+005.968449557495999]
[-02,-05,+003.948856375848340]
[-02,-04,+001.117116509823131]
[-02,-03,-003.398851389755126]
[-02,-02,-002.653325535686376]
[-02,-01,+001.479591541532127]
[-02,+00,+005.401669691803020]
[-02,+01,-007.498289351764413]
[-02,+02,+006.117113752797493]
[-02,+03,-007.715211872297907]
[-02,+04,+002.245637523691297]
[-02,+05,+007.831364809003157]
[-02,+06,-007.523089239078088]
[-02,+07,-002.811534453238018]
[-02,+08,-000.329753112860290]
[-02,+09,+004.741562087768608]
[-01,-09,+007.743450236562166]
[-01,-08,+003.535361204049886]
[-01,-07,+000.940211537272136]
[-01,-06,-003.658941161895143]
[-01,-05,-006.913830685483632]
[-01,-04,+002.849579157855585]
[-01,-03,-007.581268807385475]
[-01,-02,+006.944405570901997]
[-01,-01,-006.486675365336399]
[-01,+00,-004.901465055100154]
[-01,+01,-000.368218577058840]
[-01,+02,-003.089555962798965]
[-01,+03,-005.751323344266789]
[-01,+04,-001.457063378135748]
[-01,+05,+006.843092101648034]
[-01,+06,-002.122101226587329]
[-01,+07,+001.859518331663999]
[-01,+08,-000.044676027721639]
[-01,+09,-002.048977676659675]
[+00,-09,+001.903851427122410]
[+00,-08,+000.854531868987968]
[+00,-07,+000.632021173892456]
[+00,-06,-007.640381722198585]
[+00,-05,+004.718855238066496]
[+00,-04,+006.590231718914401]
[+00,-03,+003.357259066789267]
[+00,-02,-002.113074138633291]
[+00,-01,+003.381889770131933]
[+00,+00,-007.085353212211430]
[+00,+01,+003.683204645688269]
[+00,+02,+003.541265843964807]
[+00,+03,-000.077203794183321]
[+00,+04,-004.500469296014465]
[+00,+05,+002.809916112014855]
[+00,+06,+005.783937711864530]
[+00,+07,-005.220157885988408]
[+00,+08,-003.252427478128165]
[+00,+09,+007.044629459913720]
[+01,-09,+002.695015148155868]
[+01,-08,-000.574380143373542]
[+01,-07,+003.070087754932318]
[+01,-06,+000.017489086157118]
[+01,-05,+002.433365427435833]
[+01,-04,-004.132353182044421]
[+01,-03,-004.494890567685944]
[+01,-02,-000.384907228038834]
[+01,-01,+004.729484995909047]
[+01,+00,+005.718851596773497]
[+01,+01,-005.089418425187164]
[+01,+02,-002.862078801548531]
[+01,+03,-000.635307405127197]
[+01,+04,+007.091608944211943]
[+01,+05,+004.210797174847432]
[+01,+06,+003.683024479801521]
[+01,+07,+000.865334848843441]
[+01,+08,+001.433670680423830]
[+01,+09,+000.748717641478873]
[+02,-09,-005.449042592792901]
[+02,-08,-005.390915414470248]
[+02,-07,-004.709300526963675]
[+02,-06,-001.211401727123024]
[+02,-05,-002.719654061401348]
[+02,-04,-003.854393750730019]
[+02,-03,+000.161521107776425]
[+02,-02,-007.864926088766603]
[+02,-01,-007.717320005648649]
[+02,+00,-004.920949603710092]
[+02,+01,-000.436122234480491]
[+02,+02,+006.667573978505292]
[+02,+03,-001.014449248397144]
[+02,+04,-004.651311778065704]
[+02,+05,-000.363912882291654]
[+02,+06,-007.182471075541603]
[+02,+07,-007.558600953659951]
[+02,+08,+003.871954209208051]
[+02,+09,-002.535847275492030]
[+03,-09,-001.676125975996412]
[+03,-08,-001.599876827660390]
[+03,-07,+001.026407904700461]
[+03,-06,-004.806787036454017]
[+03,-05,+002.440490253243967]
[+03,-04,+006.519209805581518]
[+03,-03,-006.104436178050138]
[+03,-02,-005.960966826300027]
[+03,-01,-005.881025892828680]
[+03,+00,-003.559045550040112]
[+03,+01,-004.876805759326805]
[+03,+02,+002.496212553035758]
[+03,+03,-004.030415034315396]
[+03,+04,+002.753228183712626]
[+03,+05,+004.426936235622581]
[+03,+06,+007.056057062144466]
[+03,+07,+007.702707845670236]
[+03,+08,+006.509120518525410]
[+03,+09,+002.215152190894399]
FILTER 05 STOP
FILTER 06 START
[-07,-02,+003.603438362141842]
[-07,-01,-005.940336088894803]
[-07,+00,-007.959528014398689]
[-07,+01,-002.355359642393058]
[-07,+02,+006.656553075250683]
[-06,-02,+006.799159132664959]
[-06,-01,+005.230032255923854]
[-06,+00,-003.083130679358487]
[-06,+01,-000.307201525457431]
[-06,+02,+002.362150960238887]
[-05,-02,+007.953402113634938]
[-05,-01,-005.093126399830398]
[-05,+00,-002.799138629238426]
[-05,+01,+002.638577313519413]
[-05,+02,-001.056832762873036]
[-04,-02,-002.564281313469971]
[-04,-01,+007.005617953890802]
[-04,+00,-003.129884041769369]
[-04,+01,+004.867273173683762]
[-04,+02,+005.784185401890822]
[-03,-02,+007.670107670500027]
[-03,-01,+004.025572235173776]
[-03,+00,-005.002755384760219]
[-03,+01,+006.893637579920185]
[-03,+02,-000.977563022745612]
[-02,-02,-003.786680926275301]
[-02,-01,+006.423055898268528]
[-02,+00,-000.099812619534022]
[-02,+01,+002.268682262044514]
[-02,+02,-005.650186113891039]
[-01,-02,-003.799291191812157]
[-01,-01,-002.369046709102170]
[-01,+00,+005.558435281984462]
[-01,+01,+001.963665590293287]
[-01,+02,-005.837294524313524]
[+00,-02,-007.452767810326447]
[+00,-01,-002.500572527216748]
[+00,+00,+004.580335923691106]
[+00,+01,-006.794794184305156]
[+00,+02,+007.535551501975783]
[+01,-02,+002.203150349044460]
[+01,-01,+004.421143251762867]
[+01,+00,+000.676771562628213]
[+01,+01,-005.732474404683925]
[+01,+02,+000.412549040780050]
[+02,-02,+001.807556763627003]
[+02,-01,-006.482159634240695]
[+02,+00,+005.448862999707520]
[+02,+01,+006.807659291561999]
[+02,+02,-007.829558961290516]
[+03,-02,+006.850033739987632]
[+03,-01,-002.311358968726148]
[+03,+00,-001.510404315857082]
[+03,+01,+000.288911284597425]
[+03,+02,-002.330541475718404]
[+04,-02,-007.750766292751226]
[+04,-01,-005.764628227417662]
[+04,+00,-002.471991302593235]
[+04,+01,+004.362496096805605]
[+04,+02,+003.737206525545108]
[+05,-02,-007.498575100762235]
[+05,-01,-004.906837244818769]
[+05,+00,-003.148251898761377]
[+05,+01,+003.832156146311673]
[+05,+02,+006.622394452926731]
[+06,-02,+002.615547487355368]
[+06,-01,+000.935494852886821]
[+06,+00,+005.292718911946210]
[+06,+01,+000.942960397900890]
[+06,+02,-003.633876844671780]
[+07,-02,-005.791541598296526]
[+07,-01,-003.210065275558442]
[+07,+00,+005.177224358455565]
[+07,+01,-000.546430770330186]
[+07,+02,-005.411302358425967]
FILTER 06 STOP
FILTER 07 START
[-03,-09,-000.307622202636862]
[-03,-08,-000.667003334647797]
[-03,-07,-004.527764545554916]
[-03,-06,+005.775441904901220]
[-03,-05,-003.889566249661787]
[-03,-04,+000.781680109619785]
[-03,-03,+004.087577462469515]
[-03,-02,-005.449290044262277]
[-03,-01,+004.600451093720366]
[-03,+00,+001.080237247633304]
[-03,+01,+004.430925688669534]
[-03,+02,-006.488062797151828]
[-03,+03,-006.173629967900139]
[-03,+04,+007.090093685866218]
[-03,+05,-002.042670537232162]
[-03,+06,+005.695705804028966]
[-03,+07,-000.681706460445540]
[-03,+08,-002.811838866618695]
[-03,+09,+005.158400943612490]
[-02,-09,-007.181748538840949]
[-02,-08,+001.938126717859900]
[-02,-07,-002.229504304057981]
[-02,-06,-002.258658667208195]
[-02,-05,-005.354744811013855]
[-02,-04,+000.304561075930074]
[-02,-03,+001.169748143949091]
[-02,-02,-007.684083124922861]
[-02,-01,+003.124762012741902]
[-02,+00,+001.133821778000362]
[-02,+01,+006.929271706134882]
[-02,+02,+003.287194702538335]
[-02,+03,+006.071289249457784]
[-02,+04,+004.448800310730149]
[-02,+05,+000.744638718940276]
[-02,+06,+002.066331564915647]
[-02,+07,+005.484155069056287]
[-02,+08,+005.709043056518066]
[-02,+09,+002.862664300282361]
[-01,-09,+003.749199045968485]
[-01,-08,-006.765303069649969]
[-01,-07,-004.199178015574118]
[-01,-06,+007.190934675075134]
[-01,-05,-004.777708943312767]
[-01,-04,-000.792169619504284]
[-01,-03,+000.312301525962562]
[-01,-02,-004.535824923767944]
[-01,-01,-007.374125972274282]
[-01,+00,+007.876388407529998]
[-01,+01,+001.198557288107923]
[-01,+02,-001.290778595693116]
[-01,+03,+002.405523148443365]
[-01,+04,-002.595783108140957]
[-01,+05,+001.979042004452355]
[-01,+06,-006.132592863383270]
[-01,+07,+002.348172932926991]
[-01,+08,+000.425884429179371]
[-01,+09,+006.258227222596730]
[+00,-09,+001.110471972850876]
[+00,-08,-005.664831296641095]
[+00,-07,-004.607608127369508]
[+00,-06,-007.225976697767184]
[+00,-05,+000.066169165737255]
[+00,-04,-005.802489749764502]
[+00,-03,+000.279925459823376]
[+00,-02,+007.731336588508675]
[+00,-01,+005.282265486311044]
[+00,+00,+007.899354968055503]
[+00,+01,+000.580987646850181]
[+00,+02,-005.707679077558376]
[+00,+03,-007.070130488795602]
[+00,+04,+002.579547001253943]
[+00,+05,-000.093083345125958]
[+00,+06,-003.984039243498932]
[+00,+07,+007.548918016069633]
[+00,+08,+005.396389594840342]
[+00,+09,+005.441558548832811]
[+01,-09,+005.819059939455471]
[+01,-08,-002.622432133624979]
[+01,-07,-004.722340145913678]
[+01,-06,+004.486620506482064]
[+01,-05,-001.932296548173069]
[+01,-04,-005.420507919840052]
[+01,-03,-007.805529743830705]
[+01,-02,+000.967712271735968]
[+01,-01,+004.672151293413787]
[+01,+00,-000.532401823019926]
[+01,+01,-003.530279608121706]
[+01,+02,-002.944406133645060]
[+01,+03,+007.215063016510209]
[+01,+04,-000.210612564752802]
[+01,+05,+000.408549981993231]
[+01,+06,+000.327986947074422]
[+01,+07,+004.523976534032991]
[+01,+08,-006.649447743522904]
[+01,+09,-000.635326603350364]
[+02,-09,-007.159369738241493]
[+02,-08,-000.332585675788017]
[+02,-07,-001.007834901690414]
[+02,-06,+003.009761703154254]
[+02,-05,+005.768277269446209]
[+02,-04,-002.040415352788136]
[+02,-03,+006.593279695366341]
[+02,-02,-006.680092769984665]
[+02,-01,-000.171027339460837]
[+02,+00,-005.041002497335818]
[+02,+01,-007.765983806915806]
[+02,+02,+001.922167446514024]
[+02,+03,+002.666119071958526]
[+02,+04,-005.788790935030477]
[+02,+05,-001.221298267541821]
[+02,+06,+000.652015437427986]
[+02,+07,-000.173658847191676]
[+02,+08,+003.926957497331120]
[+02,+09,-004.275141836411914]
[+03,-09,-001.235253882726191]
[+03,-08,-002.006841248279759]
[+03,-07,-002.623428096602254]
[+03,-06,+005.958328857336010]
[+03,-05,-002.340322892240899]
[+03,-04,-006.632749469258378]
[+03,-03,+002.524520549869832]
[+03,-02,-002.748163550748295]
[+03,-01,-002.095649644332113]
[+03,+00,+000.456120549694230]
[+03,+01,+006.710514826911838]
[+03,+02,-003.283473386258978]
[+03,+03,-002.609619492570804]
[+03,+04,-000.441438511711771]
[+03,+05,-001.155827503574660]
[+03,+06,-003.711893704465918]
[+03,+07,-000.123516412388765]
[+03,+08,+002.705504600341653]
[+03,+09,-005.158988996602979]
FILTER 07 STOP
FILTER 08 START
[-04,-07,+000.871701756077846]
[-04,-06,+004.895913203684984]
[-04,-05,-002.449584009691065]
[-04,-04,+003.991724391801368]
[-04,-03,-005.014029856652563]
[-04,-02,+004.989950161611713]
[-04,-01,-001.814160887001155]
[-04,+00,+002.945177412253969]
[-04,+01,-001.327277807158593]
[-04,+02,+004.065124253910604]
[-04,+03,+005.629640461361648]
[-04,+04,+003.131202717420958]
[-04,+05,+001.312094992325271]
[-04,+06,+000.045335826633623]
[-04,+07,+007.459065109784515]
[-03,-07,-004.732657051074595]
[-03,-06,-001.341532219231937]
[-03,-05,+007.427250183253866]
[-03,-04,+000.941470982271882]
[-03,-03,-004.360731595756944]
[-03,-02,+005.539243803427176]
[-03,-01,-007.717046960735976]
[-03,+00,-007.407663682525406]
[-03,+01,+007.442831723282140]
[-03,+02,-000.259676268857842]
[-03,+03,+001.756171050023893]
[-03,+04,+002.820174086142845]
[-03,+05,-006.386276809923350]
[-03,+06,-004.178184874894473]
[-03,+07,+005.973390475588035]
[-02,-07,+001.919927742477975]
[-02,-06,+003.182705777190856]
[-02,-05,+007.711654811394340]
[-02,-04,+006.684444972401959]
[-02,-03,+003.276483474791860]
[-02,-02,-007.365217587967763]
[-02,-01,+007.074034250520961]
[-02,+00,-003.938832243937972]
[-02,+01,+003.001489624052049]
[-02,+02,-005.048873919796721]
[-02,+03,-002.676427566770412]
[-02,+04,-006.222260888407130]
[-02,+05,-004.288950719787040]
[-02,+06,-005.553761632816576]
[-02,+07,-007.915006298598243]
[-01,-07,-002.268991978039159]
[-01,-06,+001.314101045284183]
[-01,-05,-006.458116165688336]
[-01,-04,-003.195706080680598]
[-01,-03,+005.151261800852861]
[-01,-02,+001.708921789027920]
[-01,-01,+002.949526415786659]
[-01,+00,+006.421196002740299]
[-01,+01,-005.349224803114685]
[-01,+02,-006.950004219630367]
[-01,+03,-006.686245516137044]
[-01,+04,+007.147333036470858]
[-01,+05,-000.512330157484129]
[-01,+06,-003.461389838115952]
[-01,+07,+004.545513145770370]
[+00,-07,+001.251300858263257]
[+00,-06,+005.309671630205846]
[+00,-05,+004.441188215524091]
[+00,-04,-007.391369303082378]
[+00,-03,-005.570019806490373]
[+00,-02,-006.834912366813688]
[+00,-01,-003.943268377520853]
[+00,+00,-003.366397150608153]
[+00,+01,+002.456428471622264]
[+00,+02,-006.717237045296178]
[+00,+03,+004.244786607644292]
[+00,+04,-002.796918224701846]
[+00,+05,+004.591117627888806]
[+00,+06,+002.614603164039915]
[+00,+07,+002.126826226768129]
[+01,-07,+004.566924410724576]
[+01,-06,+006.552319295946925]
[+01,-05,-000.202377345473874]
[+01,-04,-003.482802695545113]
[+01,-03,-004.298544892023605]
[+01,-02,-000.099137531160689]
[+01,-01,-006.759186477093680]
[+01,+00,+000.363653679719796]
[+01,+01,-000.036157258094081]
[+01,+02,+004.982188955735639]
[+01,+03,+000.927110093409770]
[+01,+04,-001.313687333596127]
[+01,+05,-003.504773626911962]
[+01,+06,-006.572272730888939]
[+01,+07,+003.615280862620718]
[+02,-07,+006.922719159359319]
[+02,-06,+000.603183967283874]
[+02,-05,+005.721903096532438]
[+02,-04,+005.709565951027331]
[+02,-03,-004.758494844839765]
[+02,-02,-001.578570439987713]
[+02,-01,-003.607320469121381]
[+02,+00,+002.441629443600583]
[+02,+01,+006.530540928913769]
[+02,+02,+000.862823999726476]
[+02,+03,+006.519334405631840]
[+02,+04,+004.269056367992784]
[+02,+05,+003.415221170906941]
[+02,+06,-006.234790966193607]
[+02,+07,-001.268791097109830]
[+03,-07,-007.522791442983163]
[+03,-06,+000.650866070224852]
[+03,-05,-003.296351246851385]
[+03,-04,-002.009403395566483]
[+03,-03,-003.402038027515060]
[+03,-02,-003.077073321092078]
[+03,-01,-001.745485635053692]
[+03,+00,-004.098908992396602]
[+03,+01,-005.903798676037146]
[+03,+02,+003.565508479700240]
[+03,+03,-006.342174963735424]
[+03,+04,+006.823452091357572]
[+03,+05,-001.837682903927666]
[+03,+06,+001.681302515282582]
[+03,+07,-005.807054989879143]
[+04,-07,-007.547009119367287]
[+04,-06,+006.178982572938171]
[+04,-05,-002.077763436829487]
[+04,-04,+000.687877878396675]
[+04,-03,-004.866568742757337]
[+04,-02,-002.262231452999817]
[+04,-01,+003.151494509539493]
[+04,+00,-007.679591895492026]
[+04,+01,-004.163266105011317]
[+04,+02,-007.983052157438156]
[+04,+03,-001.202188159281469]
[+04,+04,-005.910964439925788]
[+04,+05,-006.246625619640064]
[+04,+06,+003.884337218677459]
[+04,+07,-004.290898132792783]
FILTER 08 STOP
FILTER 09 START
[-08,-04,-006.786729411935367]
[-08,-03,-003.743455323792041]
[-08,-02,-000.107773936434132]
[-08,-01,-000.491179413792487]
[-08,+00,-005.755543259361188]
[-08,+01,+004.272563892130268]
[-08,+02,-000.224129277736756]
[-08,+03,+002.708874867485886]
[-08,+04,+007.102427651113500]
[-07,-04,-005.707583627514484]
[-07,-03,+006.101524726185279]
[-07,-02,+004.716288876153266]
[-07,-01,+007.137527279425505]
[-07,+00,+005.822573807367498]
[-07,+01,-001.680446119452229]
[-07,+02,-007.795378878401914]
[-07,+03,-001.920724073229970]
[-07,+04,-000.260225465224561]
[-06,-04,+007.723312019524373]
[-06,-03,+002.450690780405278]
[-06,-02,-006.777194994111268]
[-06,-01,-005.677479655952558]
[-06,+00,+000.922415686036130]
[-06,+01,-002.975410637032564]
[-06,+02,-001.329409839454485]
[-06,+03,+000.239756433541643]
[-06,+04,-001.193527043166688]
[-05,-04,-003.639475500838740]
[-05,-03,+006.838536227527360]
[-05,-02,+004.854792477509239]
[-05,-01,-001.004206083254960]
[-05,+00,+005.324525020343540]
[-05,+01,+005.943653550399230]
[-05,+02,-006.764380923138498]
[-05,+03,-000.527015915959662]
[-05,+04,-003.763002927204674]
[-04,-04,-005.025311674525526]
[-04,-03,-004.167033897213024]
[-04,-02,-004.590160733350302]
[-04,-01,-007.755659104851643]
[-04,+00,+002.074050576473503]
[-04,+01,+003.914814380580909]
[-04,+02,-003.310478897504192]
[-04,+03,-003.137740443435721]
[-04,+04,+002.615462053186075]
[-03,-04,-000.055723472597126]
[-03,-03,+002.192230450745845]
[-03,-02,+000.510003805744619]
[-03,-01,-003.979000682602544]
[-03,+00,-000.055643662969489]
[-03,+01,+003.680692301102431]
[-03,+02,-007.271958833968485]
[-03,+03,+006.482293504455034]
[-03,+04,+007.771113695824264]
[-02,-04,-003.609374606116543]
[-02,-03,+003.557179811932127]
[-02,-02,-004.001479405870882]
[-02,-01,-005.654344424392521]
[-02,+00,+007.005567376545796]
[-02,+01,-007.986279619769562]
[-02,+02,+004.181789421805004]
[-02,+03,-006.729653776853750]
[-02,+04,+005.490884866057232]
[-01,-04,-005.891236797854338]
[-01,-03,+005.752023379944353]
[-01,-02,-001.457033292014875]
[-01,-01,-005.668491408348991]
[-01,+00,+005.802179073704899]
[-01,+01,-006.914469333814838]
[-01,+02,-005.959679012351673]
[-01,+03,-004.211854119695415]
[-01,+04,+006.280809959352045]
[+00,-04,-000.579737638029078]
[+00,-03,-007.553071506679101]
[+00,-02,-005.517858341242540]
[+00,-01,+000.527266083758947]
[+00,+00,+004.996292407771534]
[+00,+01,+001.022649348770550]
[+00,+02,-007.020754175431630]
[+00,+03,+007.599059588227382]
[+00,+04,+006.080538935356200]
[+01,-04,-006.913083940966649]
[+01,-03,+007.933104378913843]
[+01,-02,+005.035844838039713]
[+01,-01,+007.052094653518539]
[+01,+00,-001.172103978587794]
[+01,+01,-003.026784651008660]
[+01,+02,+000.306797957822363]
[+01,+03,+004.425368843383952]
[+01,+04,-004.960168969939515]
[+02,-04,-007.203289916127655]
[+02,-03,-007.798995796430189]
[+02,-02,-005.419257055956654]
[+02,-01,-007.393579469663056]
[+02,+00,+003.675815247358413]
[+02,+01,+006.453046115380319]
[+02,+02,+007.097896815035421]
[+02,+03,-006.185703767778774]
[+02,+04,+002.720275774979786]
[+03,-04,+001.110476342847710]
[+03,-03,+004.441386771260721]
[+03,-02,+005.921293938673346]
[+03,-01,+006.421777977725856]
[+03,+00,+002.251718362919629]
[+03,+01,-006.384200878081609]
[+03,+02,-006.633774509190051]
[+03,+03,-004.362473170623611]
[+03,+04,+003.202864585503956]
[+04,-04,-000.475789777696162]
[+04,-03,+006.685114509147823]
[+04,-02,+003.720980964928549]
[+04,-01,+003.084111766708027]
[+04,+00,-000.735641017348138]
[+04,+01,+003.166004963460388]
[+04,+02,+007.552756937682641]
[+04,+03,-004.917008452649300]
[+04,+04,+007.025767642748766]
[+05,-04,+003.256378909631614]
[+05,-03,-005.435483437879130]
[+05,-02,-004.671832781434313]
[+05,-01,-001.396464117203276]
[+05,+00,-003.962804508889624]
[+05,+01,+006.499394371576763]
[+05,+02,-000.956624660444339]
[+05,+03,+005.115055026905042]
[+05,+04,+004.255114078646512]
[+06,-04,+000.918318417487672]
[+06,-03,-004.172068613248175]
[+06,-02,+001.538689387857964]
[+06,-01,-002.851312684197023]
[+06,+00,+003.504289037138035]
[+06,+01,-002.144926047410060]
[+06,+02,+004.051797812121899]
[+06,+03,-003.027708947007623]
[+06,+04,-004.037683577051833]
[+07,-04,-006.514201038247258]
[+07,-03,+004.460006727926956]
[+07,-02,+000.366623859280898]
[+07,-01,-007.571136275823543]
[+07,+00,+005.731522989484235]
[+07,+01,+001.596354339604813]
[+07,+02,-000.572913716573446]
[+07,+03,+006.823827497937607]
[+07,+04,+002.345236367711992]
[+08,-04,+007.770091139228514]
[+08,-03,+002.076926594895964]
[+08,-02,+006.170808889435961]
[+08,-01,+002.261709351019261]
[+08,+00,-002.287704136354877]
[+08,+01,+000.655573997688483]
[+08,+02,+006.714135816738340]
[+08,+03,+006.674583421608659]
[+08,+04,+001.231665339193896]
FILTER 09 STOP
FILTER 10 START
[-04,-09,-007.831888393605700]
[-04,-08,-006.532293356818647]
[-04,-07,-004.387814779007607]
[-04,-06,-000.489011927486965]
[-04,-05,-003.697820250930723]
[-04,-04,-001.428318656732372]
[-04,-03,+000.587463141260114]
[-04,-02,-007.334012589563088]
[-04,-01,-003.734163728209406]
[-04,+00,-001.881966288145820]
[-04,+01,-006.453669741687637]
[-04,+02,-001.259841747203239]
[-04,+03,+007.437415420645765]
[-04,+04,+006.359044167219125]
[-04,+05,-007.090444380106803]
[-04,+06,-007.569611444785647]
[-04,+07,-007.350726034241248]
[-04,+08,-007.039950757808247]
[-04,+09,-002.773204021506743]
[-03,-09,+002.992897335149539]
[-03,-08,-003.137024661723052]
[-03,-07,-001.646773501654430]
[-03,-06,+007.999146682331792]
[-03,-05,+002.076607703578357]
[-03,-04,-000.533008659647868]
[-03,-03,+003.673639354648870]
[-03,-02,+001.974612037636479]
[-03,-01,-005.466100496287686]
[-03,+00,+006.564302878369940]
[-03,+01,+000.357155965885150]
[-03,+02,-007.726483050655016]
[-03,+03,-002.958853554372078]
[-03,+04,-007.308266866320505]
[-03,+05,+005.314086325721044]
[-03,+06,+007.198651729691186]
[-03,+07,+007.778657744962748]
[-03,+08,-000.377342133658880]
[-03,+09,-007.839235170608196]
[-02,-09,+002.374092902532137]
[-02,-08,-001.804329684914439]
[-02,-07,+006.739772836803885]
[-02,-06,-006.462548462354722]
[-02,-05,+000.327679725171039]
[-02,-04,+001.940525744946358]
[-02,-03,-001.250852439591988]
[-02,-02,-002.132446492727126]
[-02,-01,-003.019274035247946]
[-02,+00,-002.265009947108172]
[-02,+01,-006.015314413435791]
[-02,+02,+005.591162744785629]
[-02,+03,-001.149436933781406]
[-02,+04,+001.654953508563006]
[-02,+05,+000.546239806310631]
[-02,+06,-006.172709321674143]
[-02,+07,+001.748207770149376]
[-02,+08,+004.322857870447036]
[-02,+09,+007.950045659226053]
[-01,-09,-001.512600665329446]
[-01,-08,-001.127776539119207]
[-01,-07,+000.051023246028599]
[-01,-06,+001.000613084855098]
[-01,-05,-002.009242988376752]
[-01,-04,-000.521458313433431]
[-01,-03,+002.411540761633583]
[-01,-02,+007.081222363094373]
[-01,-01,+002.728388890947867]
[-01,+00,-003.158621056951089]
[-01,+01,+006.127814041660642]
[-01,+02,-002.649866167753121]
[-01,+03,+006.678498202910646]
[-01,+04,+001.706736265111612]
[-01,+05,-006.620739113093174]
[-01,+06,-005.869832780507396]
[-01,+07,-000.235204730599115]
[-01,+08,-005.936658948149356]
[-01,+09,-005.119266127632816]
[+00,-09,+007.975210945272032]
[+00,-08,-007.254501346845631]
[+00,-07,-004.745698588233731]
[+00,-06,-000.030872328104529]
[+00,-05,-006.040098267948402]
[+00,-04,+005.603816734899402]
[+00,-03,-007.164858762564286]
[+00,-02,-007.993955438258087]
[+00,-01,+003.235751499730931]
[+00,+00,+000.085951319016807]
[+00,+01,-007.883928668540680]
[+00,+02,+007.425571483270243]
[+00,+03,+005.246327635677611]
[+00,+04,+000.941346556247732]
[+00,+05,-007.046296642024684]
[+00,+06,-003.011476508400165]
[+00,+07,-000.562021718270085]
[+00,+08,+005.003658041129951]
[+00,+09,+006.351936314062012]
[+01,-09,-000.734559373502030]
[+01,-08,-007.305946730386209]
[+01,-07,+000.521229870743632]
[+01,-06,-007.482491343429947]
[+01,-05,-003.737275109625454]
[+01,-04,-006.903791622935518]
[+01,-03,-007.215869100018713]
[+01,-02,-004.310965548582107]
[+01,-01,-000.023170080846452]
[+01,+00,+005.576192816223786]
[+01,+01,-004.034926328852491]
[+01,+02,+003.922580656049554]
[+01,+03,+001.994548150632049]
[+01,+04,+003.225052673905141]
[+01,+05,+002.984431892941839]
[+01,+06,-006.220597958894841]
[+01,+07,-007.198986257952599]
[+01,+08,+006.084613313716238]
[+01,+09,-006.457929305112499]
[+02,-09,+004.100321008551466]
[+02,-08,-007.198370588045657]
[+02,-07,-006.180318693080288]
[+02,-06,+004.422338521035227]
[+02,-05,+005.421563581105637]
[+02,-04,+005.191439332233008]
[+02,-03,-004.728183833622268]
[+02,-02,-006.345814813239882]
[+02,-01,-002.581220075681882]
[+02,+00,+005.743913887314962]
[+02,+01,+001.935026338874010]
[+02,+02,+003.149907991383866]
[+02,+03,+005.553230007190601]
[+02,+04,+006.935882914034323]
[+02,+05,+002.361486889429933]
[+02,+06,+001.312050291850458]
[+02,+07,-006.663247695681173]
[+02,+08,+005.275081933111492]
[+02,+09,-006.378444434925189]
[+03,-09,+001.617082709775293]
[+03,-08,-000.615860232852608]
[+03,-07,-003.852986664287101]
[+03,-06,+007.558155324971986]
[+03,-05,+006.538271417823367]
[+03,-04,-000.498615619193622]
[+03,-03,+000.016583486878847]
[+03,-02,-003.338507477449197]
[+03,-01,-005.033233916838784]
[+03,+00,+004.545599198132784]
[+03,+01,+007.322093913585659]
[+03,+02,-001.888802422308601]
[+03,+03,+003.029501328405495]
[+03,+04,-001.883710602908092]
[+03,+05,+002.697962522826797]
[+03,+06,+000.200173008780531]
[+03,+07,+003.455876034915489]
[+03,+08,+004.778808952156453]
[+03,+09,-005.184146337640840]
[+04,-09,-005.275105487831910]
[+04,-08,-002.848759798126277]
[+04,-07,-007.099950283646905]
[+04,-06,-003.471717910500113]
[+04,-05,-005.521544662433319]
[+04,-04,+007.727106218515543]
[+04,-03,+001.249590537128379]
[+04,-02,+005.470048552725475]
[+04,-01,-004.506187014847113]
[+04,+00,-005.427590963732612]
[+04,+01,-001.912171314451976]
[+04,+02,-003.552753407323323]
[+04,+03,-000.983805066161450]
[+04,+04,+002.166659706071410]
[+04,+05,+002.337270784914018]
[+04,+06,+003.760512644936648]
[+04,+07,+000.640435304291476]
[+04,+08,+007.097924736409700]
[+04,+09,+005.169865321542305]
FILTER 10 STOP
